%YAML:1.0
---
desc_matrix: !!opencv-matrix
   rows: 100
   cols: 64
   dt: u
   data: [ 160, 59, 0, 8, 12, 28, 56, 112, 224, 192, 128, 225, 124, 255,
       193, 3, 3, 28, 50, 132, 127, 92, 67, 0, 0, 128, 25, 49, 104, 239,
       12, 179, 220, 147, 199, 4, 247, 254, 255, 191, 223, 188, 43, 24,
       128, 225, 239, 254, 255, 159, 102, 63, 0, 162, 248, 255, 255, 125,
       126, 62, 18, 1, 0, 205, 4, 122, 223, 7, 0, 0, 97, 127, 109, 0, 0,
       0, 96, 239, 253, 255, 255, 255, 249, 1, 6, 0, 0, 64, 117, 254,
       158, 25, 64, 128, 32, 231, 63, 255, 252, 243, 159, 24, 194, 24,
       231, 128, 0, 0, 196, 24, 128, 0, 0, 224, 247, 247, 251, 12, 10,
       10, 193, 254, 255, 63, 155, 7, 0, 252, 48, 0, 16, 12, 64, 223,
       127, 16, 16, 32, 225, 110, 127, 0, 32, 201, 111, 159, 121, 2, 2,
       191, 247, 127, 152, 7, 7, 12, 56, 99, 214, 127, 111, 221, 240,
       255, 255, 191, 67, 136, 33, 238, 110, 115, 48, 102, 255, 126, 255,
       175, 255, 191, 102, 81, 252, 254, 135, 40, 0, 222, 36, 40, 129,
       130, 180, 251, 255, 239, 225, 64, 0, 67, 0, 198, 61, 239, 113,
       199, 61, 255, 252, 255, 195, 33, 8, 195, 52, 110, 231, 255, 3,
       132, 59, 255, 125, 231, 57, 239, 60, 243, 189, 127, 143, 24, 100,
       216, 219, 255, 255, 6, 16, 155, 219, 231, 112, 243, 251, 28, 202,
       220, 247, 109, 4, 134, 255, 17, 16, 176, 128, 123, 207, 195, 192,
       128, 97, 0, 0, 0, 0, 12, 112, 199, 253, 111, 62, 112, 192, 1, 0,
       0, 0, 0, 0, 83, 31, 0, 48, 234, 61, 103, 24, 100, 159, 125, 196,
       216, 203, 30, 255, 0, 1, 191, 128, 228, 255, 16, 158, 239, 255,
       119, 162, 108, 39, 241, 191, 109, 118, 255, 27, 193, 207, 239, 4,
       0, 16, 0, 255, 223, 63, 0, 16, 32, 224, 174, 127, 254, 249, 231,
       119, 159, 121, 192, 1, 159, 255, 127, 159, 7, 0, 0, 60, 115, 236,
       99, 15, 253, 252, 255, 255, 255, 115, 140, 49, 100, 60, 243, 48,
       6, 250, 255, 255, 159, 207, 39, 224, 125, 254, 127, 147, 8, 6,
       195, 32, 48, 145, 146, 180, 251, 255, 239, 225, 193, 0, 1, 129,
       222, 61, 231, 81, 135, 126, 255, 189, 247, 207, 33, 14, 243, 176,
       79, 231, 97, 35, 128, 31, 255, 255, 239, 57, 100, 248, 255, 253,
       17, 194, 0, 6, 28, 250, 241, 63, 127, 3, 16, 221, 255, 255, 223,
       162, 73, 70, 182, 135, 0, 0, 192, 96, 176, 247, 255, 132, 123,
       223, 7, 0, 0, 64, 96, 224, 192, 0, 0, 0, 207, 1, 231, 92, 115, 3,
       0, 0, 0, 4, 96, 0, 28, 24, 96, 248, 131, 5, 0, 88, 175, 61, 127,
       148, 0, 3, 0, 0, 194, 12, 0, 192, 153, 253, 217, 8, 16, 4, 2, 25,
       244, 31, 135, 129, 104, 246, 255, 255, 207, 31, 5, 128, 123, 255,
       239, 231, 195, 3, 0, 0, 0, 17, 238, 115, 207, 61, 226, 192, 255,
       155, 103, 8, 195, 48, 14, 135, 3, 6, 0, 0, 98, 252, 247, 255, 255,
       53, 134, 57, 118, 15, 16, 196, 16, 19, 33, 51, 102, 211, 118, 25,
       4, 242, 243, 255, 255, 9, 208, 180, 97, 116, 255, 31, 204, 223,
       58, 180, 123, 199, 251, 239, 4, 0, 67, 65, 198, 29, 255, 255, 255,
       255, 247, 31, 68, 188, 233, 45, 195, 0, 0, 64, 176, 56, 225, 25,
       111, 252, 227, 15, 21, 242, 200, 231, 135, 176, 94, 196, 16, 3, 8,
       136, 145, 253, 191, 8, 237, 50, 17, 0, 8, 6, 32, 79, 89, 97, 36,
       95, 64, 68, 223, 0, 98, 0, 9, 0, 16, 121, 124, 32, 0, 0, 136, 127,
       254, 73, 3, 0, 255, 251, 7, 22, 0, 0, 64, 0, 26, 28, 56, 32, 192,
       40, 243, 255, 255, 5, 0, 55, 254, 255, 255, 231, 0, 0, 140, 192,
       153, 198, 100, 254, 191, 2, 227, 93, 182, 153, 209, 36, 203, 255,
       37, 0, 98, 102, 205, 128, 123, 255, 239, 231, 131, 1, 6, 0, 8, 17,
       228, 113, 199, 28, 226, 240, 255, 219, 103, 8, 195, 48, 14, 199,
       3, 0, 0, 0, 235, 252, 255, 255, 239, 48, 131, 57, 119, 15, 0, 132,
       16, 146, 177, 50, 6, 3, 16, 73, 228, 243, 255, 255, 147, 136, 208,
       135, 65, 96, 241, 8, 46, 25, 50, 176, 255, 223, 225, 224, 208, 1,
       0, 128, 134, 13, 230, 240, 255, 255, 255, 31, 121, 64, 33, 79,
       243, 50, 14, 131, 97, 227, 254, 123, 231, 48, 227, 25, 47, 254,
       255, 198, 16, 225, 84, 149, 16, 146, 49, 51, 3, 56, 255, 127, 139,
       114, 115, 25, 12, 38, 46, 87, 116, 99, 176, 26, 140, 157, 59, 180,
       187, 255, 255, 231, 195, 0, 0, 129, 198, 125, 255, 119, 207, 44,
       240, 232, 247, 223, 247, 28, 195, 0, 4, 0, 0, 17, 98, 8, 124, 252,
       255, 255, 207, 48, 130, 61, 119, 222, 121, 198, 16, 3, 16, 16,
       177, 255, 33, 0, 229, 242, 255, 111, 19, 200, 216, 231, 121, 100,
       36, 16, 236, 237, 223, 176, 255, 223, 227, 224, 208, 0, 0, 128,
       128, 1, 238, 240, 231, 159, 255, 255, 121, 64, 33, 206, 251, 183,
       31, 128, 3, 1, 206, 121, 231, 28, 227, 25, 231, 158, 123, 206, 16,
       225, 204, 183, 61, 147, 49, 48, 230, 255, 255, 127, 135, 118, 243,
       255, 247, 255, 35, 17, 124, 203, 0, 16, 140, 157, 59, 255, 191,
       255, 255, 243, 224, 0, 128, 128, 207, 31, 255, 247, 223, 126, 243,
       237, 247, 253, 63, 140, 195, 56, 14, 128, 0, 1, 226, 25, 39, 252,
       243, 111, 223, 116, 131, 29, 52, 222, 56, 230, 144, 19, 49, 16,
       39, 41, 137, 201, 228, 178, 191, 255, 7, 0, 0, 0, 0, 228, 247, 27,
       136, 145, 187, 244, 255, 199, 96, 104, 0, 0, 0, 0, 0, 13, 255,
       253, 247, 223, 55, 15, 104, 224, 185, 127, 251, 1, 14, 0, 1, 23,
       4, 16, 96, 60, 227, 157, 55, 215, 28, 70, 152, 249, 255, 255, 29,
       3, 0, 32, 244, 255, 54, 24, 196, 114, 115, 159, 39, 33, 35, 120,
       255, 255, 36, 18, 0, 204, 207, 180, 72, 223, 239, 39, 0, 0, 0, 0,
       246, 125, 47, 16, 0, 125, 238, 125, 247, 155, 99, 12, 0, 0, 0,
       128, 185, 27, 128, 156, 255, 255, 127, 49, 252, 248, 255, 255,
       255, 147, 24, 128, 0, 0, 0, 0, 252, 95, 0, 200, 224, 251, 255,
       226, 253, 255, 247, 217, 124, 118, 52, 31, 4, 4, 0, 176, 123, 223,
       239, 225, 192, 0, 71, 231, 222, 253, 239, 127, 255, 253, 239, 31,
       127, 250, 45, 12, 227, 48, 6, 67, 64, 224, 227, 63, 255, 253, 231,
       159, 252, 255, 132, 255, 222, 247, 127, 231, 16, 3, 0, 2, 16, 0,
       137, 201, 96, 112, 240, 31, 4, 248, 255, 255, 255, 126, 36, 16, 0,
       125, 48, 128, 123, 207, 195, 192, 128, 65, 0, 0, 0, 1, 12, 112,
       199, 253, 111, 62, 112, 0, 0, 0, 0, 0, 0, 132, 31, 0, 0, 0, 235,
       61, 103, 24, 100, 223, 125, 196, 152, 203, 30, 224, 0, 1, 191, 0,
       230, 255, 24, 158, 239, 255, 119, 162, 108, 39, 241, 255, 109,
       118, 127, 31, 201, 207, 239, 180, 123, 223, 231, 239, 1, 0, 67,
       65, 0, 0, 41, 96, 199, 61, 238, 122, 225, 0, 33, 72, 67, 16, 10,
       67, 147, 4, 0, 0, 2, 4, 192, 57, 111, 62, 185, 251, 3, 0, 0, 4,
       16, 157, 232, 171, 254, 255, 0, 136, 248, 247, 243, 191, 212, 252,
       255, 223, 96, 112, 56, 255, 255, 239, 255, 244, 59, 195, 96, 104,
       64, 0, 65, 227, 198, 141, 255, 254, 251, 204, 3, 14, 124, 254,
       255, 63, 251, 0, 0, 0, 224, 121, 227, 9, 4, 188, 243, 206, 153,
       195, 4, 39, 254, 255, 255, 255, 24, 147, 25, 0, 160, 173, 0, 0,
       228, 50, 61, 192, 175, 0, 0, 44, 223, 255, 39, 26, 13, 8, 137,
       176, 19, 215, 239, 239, 207, 31, 7, 19, 190, 253, 239, 63, 11,
       124, 232, 99, 207, 27, 224, 64, 135, 48, 12, 3, 97, 66, 128, 27,
       127, 255, 185, 247, 254, 247, 147, 251, 239, 63, 29, 0, 224, 27,
       127, 35, 228, 255, 190, 91, 125, 148, 192, 255, 191, 8, 112, 254,
       239, 118, 20, 0, 232, 249, 251, 180, 121, 203, 107, 97, 193, 0,
       67, 203, 6, 4, 32, 0, 255, 253, 231, 127, 255, 251, 35, 8, 1, 0,
       0, 0, 112, 124, 255, 253, 197, 1, 6, 25, 255, 255, 255, 255, 252,
       243, 159, 231, 128, 3, 8, 128, 241, 189, 255, 119, 155, 65, 243,
       251, 255, 3, 0, 0, 0, 254, 255, 155, 205, 204, 255, 180, 123, 199,
       32, 32, 80, 32, 0, 0, 130, 5, 46, 112, 225, 253, 47, 62, 120, 64,
       33, 10, 129, 144, 76, 145, 11, 0, 68, 16, 35, 4, 0, 24, 99, 254,
       127, 239, 153, 67, 28, 245, 244, 15, 32, 0, 224, 39, 8, 249, 188,
       127, 119, 163, 124, 255, 191, 251, 124, 118, 62, 144, 255, 255,
       255, 132, 123, 199, 239, 231, 199, 9, 0, 128, 128, 0, 14, 112,
       192, 13, 238, 113, 255, 219, 231, 95, 247, 48, 14, 0, 0, 17, 254,
       255, 255, 127, 159, 56, 252, 255, 191, 255, 252, 243, 223, 255,
       253, 147, 57, 16, 129, 120, 191, 255, 255, 255, 223, 231, 251,
       255, 255, 251, 124, 126, 255, 159, 207, 29, 1, 180, 0, 0, 236, 47,
       78, 28, 105, 113, 242, 253, 239, 63, 24, 96, 136, 1, 4, 24, 204,
       113, 13, 87, 115, 73, 172, 59, 129, 0, 112, 206, 56, 230, 216,
       251, 255, 251, 239, 51, 135, 24, 242, 28, 70, 1, 224, 255, 48,
       152, 0, 168, 140, 246, 255, 255, 255, 251, 127, 50, 158, 253, 136,
       110, 76, 176, 251, 255, 247, 227, 0, 0, 0, 0, 128, 125, 255, 115,
       207, 60, 240, 252, 255, 239, 103, 12, 195, 0, 8, 0, 0, 0, 0, 0,
       111, 252, 255, 255, 143, 48, 130, 62, 127, 239, 61, 198, 16, 3, 0,
       0, 224, 255, 0, 136, 229, 242, 251, 109, 147, 200, 216, 6, 237,
       229, 36, 18, 8, 204, 255, 176, 251, 223, 227, 225, 193, 1, 7, 0,
       0, 28, 238, 112, 199, 255, 111, 62, 113, 0, 32, 0, 131, 52, 108,
       199, 127, 7, 0, 0, 96, 60, 227, 25, 39, 14, 16, 128, 2, 7, 0, 244,
       2, 4, 0, 115, 30, 210, 255, 255, 13, 66, 115, 25, 0, 4, 12, 130,
       40, 85, 254, 16, 0, 64, 244, 0, 123, 223, 239, 135, 192, 67, 47,
       0, 0, 0, 0, 64, 223, 253, 239, 24, 231, 154, 37, 12, 0, 0, 72,
       231, 31, 14, 16, 242, 226, 117, 231, 159, 255, 127, 132, 255, 71,
       135, 16, 64, 128, 0, 4, 230, 94, 243, 255, 13, 239, 243, 247, 171,
       170, 248, 127, 219, 124, 117, 60, 159, 7, 6, 246, 52, 0, 16, 12,
       0, 16, 124, 48, 48, 160, 225, 15, 0, 120, 241, 207, 127, 255, 249,
       3, 6, 180, 196, 109, 184, 13, 0, 64, 0, 113, 143, 45, 54, 124,
       252, 243, 255, 255, 247, 156, 231, 220, 227, 255, 252, 15, 163, 0,
       216, 127, 221, 239, 191, 0, 64, 76, 150, 77, 100, 54, 0, 0, 225,
       243, 252, 255, 255, 247, 241, 192, 0, 0, 128, 128, 15, 255, 241,
       207, 255, 255, 190, 255, 254, 53, 140, 195, 16, 12, 128, 1, 0, 0,
       0, 103, 60, 227, 187, 39, 20, 64, 4, 16, 250, 121, 198, 16, 3, 33,
       0, 230, 255, 126, 8, 196, 114, 123, 13, 224, 199, 199, 97, 0, 64,
       36, 18, 8, 137, 207, 244, 191, 199, 1, 0, 16, 32, 80, 0, 0, 13,
       255, 252, 243, 207, 255, 255, 252, 224, 1, 0, 16, 132, 106, 240,
       191, 31, 4, 0, 100, 28, 225, 8, 3, 204, 241, 223, 191, 231, 28, 0,
       220, 251, 95, 252, 229, 255, 62, 0, 68, 48, 48, 153, 12, 70, 108,
       159, 109, 102, 22, 128, 249, 239, 255, 180, 251, 223, 227, 235,
       193, 3, 15, 207, 222, 61, 239, 1, 7, 189, 239, 62, 233, 232, 105,
       127, 227, 48, 15, 199, 224, 241, 255, 255, 255, 127, 143, 57, 108,
       255, 255, 74, 8, 128, 144, 198, 154, 147, 49, 59, 227, 125, 11,
       142, 35, 193, 96, 160, 252, 127, 7, 0, 0, 128, 229, 50, 136, 137,
       11, 249, 255, 255, 247, 241, 225, 227, 131, 2, 135, 63, 254, 176,
       207, 63, 255, 255, 243, 5, 48, 128, 2, 56, 232, 135, 95, 64, 68,
       17, 111, 60, 33, 0, 0, 60, 241, 255, 3, 3, 0, 0, 0, 8, 228, 34,
       78, 7, 8, 65, 100, 16, 32, 24, 0, 70, 14, 131, 96, 96, 0, 237,
       127, 255, 254, 32, 0, 128, 239, 15, 134, 78, 40, 255, 254, 253,
       239, 127, 255, 253, 255, 255, 255, 255, 255, 63, 255, 0, 0, 0, 0,
       249, 255, 255, 255, 245, 231, 63, 255, 255, 255, 255, 61, 240,
       128, 135, 158, 255, 57, 0, 224, 125, 255, 255, 191, 231, 247, 235,
       124, 127, 6, 0, 0, 129, 1, 242, 253, 8, 9, 176, 187, 255, 255,
       231, 131, 0, 2, 0, 132, 125, 255, 115, 207, 60, 240, 249, 255,
       255, 247, 30, 195, 32, 8, 0, 1, 2, 0, 16, 126, 252, 255, 255, 207,
       48, 130, 191, 127, 255, 25, 198, 16, 3, 0, 0, 0, 0, 0, 201, 229,
       242, 251, 127, 147, 136, 88, 150, 255, 117, 36, 16, 0, 0, 0, 249,
       191, 231, 241, 252, 252, 1, 0, 0, 0, 11, 254, 255, 255, 254, 243,
       143, 0, 252, 249, 175, 195, 57, 140, 130, 3, 0, 0, 0, 34, 28, 227,
       255, 255, 7, 0, 0, 0, 0, 96, 128, 3, 7, 33, 32, 6, 226, 185, 24,
       4, 50, 243, 121, 6, 1, 0, 0, 128, 129, 201, 126, 12, 17, 18, 254,
       255, 255, 255, 255, 227, 3, 0, 128, 135, 15, 118, 240, 199, 255,
       255, 255, 255, 253, 243, 143, 195, 56, 12, 129, 1, 3, 70, 24, 35,
       112, 231, 59, 255, 255, 191, 255, 252, 3, 16, 132, 0, 18, 49, 48,
       102, 249, 251, 1, 0, 114, 243, 251, 20, 8, 0, 0, 0, 0, 0, 0, 176,
       249, 66, 20, 72, 223, 239, 239, 199, 15, 9, 25, 190, 1, 0, 65,
       223, 125, 230, 81, 239, 27, 231, 24, 131, 16, 0, 135, 59, 32, 212,
       255, 255, 247, 159, 255, 255, 61, 128, 0, 252, 191, 63, 0, 0, 0,
       128, 0, 24, 124, 255, 255, 159, 207, 231, 255, 15, 248, 249, 255,
       127, 64, 32, 24, 62, 6, 0, 20, 248, 223, 35, 225, 209, 99, 0, 175,
       222, 61, 231, 17, 0, 188, 255, 126, 241, 0, 0, 0, 179, 182, 127,
       247, 31, 1, 194, 159, 255, 127, 239, 57, 101, 176, 123, 206, 17,
       195, 220, 255, 255, 255, 63, 255, 103, 3, 24, 201, 160, 255, 255,
       239, 255, 111, 3, 17, 156, 159, 79, 195, 253, 253, 59, 180, 89,
       223, 255, 239, 199, 0, 1, 129, 198, 13, 111, 115, 205, 5, 192, 64,
       195, 187, 255, 125, 199, 1, 0, 0, 32, 123, 231, 57, 247, 252, 255,
       255, 255, 63, 15, 16, 228, 188, 247, 222, 17, 3, 0, 0, 241, 255,
       191, 255, 239, 255, 255, 255, 247, 249, 147, 104, 254, 203, 32,
       16, 0, 228, 207, 180, 255, 223, 97, 96, 64, 0, 0, 0, 128, 13, 239,
       240, 231, 13, 39, 12, 112, 226, 47, 14, 227, 16, 12, 128, 225,
       127, 47, 0, 96, 24, 227, 216, 3, 4, 64, 4, 17, 234, 123, 231, 153,
       243, 189, 187, 229, 222, 255, 127, 133, 114, 59, 205, 255, 255,
       247, 105, 88, 108, 37, 130, 235, 255, 59, 1, 2, 0, 8, 12, 156,
       255, 126, 60, 0, 208, 136, 111, 254, 64, 0, 0, 63, 251, 142, 17,
       60, 196, 32, 62, 95, 30, 0, 0, 0, 232, 255, 255, 159, 1, 0, 55,
       254, 255, 191, 227, 0, 0, 128, 196, 28, 130, 32, 16, 100, 242,
       255, 127, 179, 144, 80, 44, 239, 231, 54, 0, 38, 102, 228, 4, 122,
       223, 3, 0, 0, 96, 112, 239, 254, 17, 227, 91, 239, 189, 231, 126,
       123, 233, 11, 14, 32, 0, 0, 0, 144, 249, 127, 0, 0, 240, 255, 251,
       239, 178, 0, 4, 16, 192, 120, 231, 157, 227, 28, 196, 129, 188,
       193, 0, 64, 242, 59, 8, 8, 0, 143, 251, 255, 127, 62, 27, 193, 78,
       1, 176, 1, 0, 64, 14, 14, 24, 115, 243, 254, 193, 1, 78, 185, 225,
       6, 2, 8, 248, 207, 61, 108, 65, 67, 8, 128, 16, 113, 0, 1, 0, 64,
       0, 27, 255, 239, 119, 205, 48, 131, 8, 0, 128, 208, 8, 155, 1, 64,
       160, 126, 2, 0, 25, 124, 255, 63, 137, 0, 96, 253, 60, 130, 2,
       225, 244, 255, 207, 97, 96, 192, 0, 0, 128, 128, 13, 239, 240,
       227, 255, 255, 63, 120, 192, 33, 14, 227, 48, 14, 128, 3, 0, 0, 0,
       96, 28, 225, 24, 103, 142, 56, 132, 152, 235, 62, 231, 24, 19, 49,
       48, 230, 255, 127, 0, 64, 50, 243, 27, 4, 0, 8, 2, 206, 255, 55,
       155, 239, 191, 11, 176, 251, 255, 255, 227, 195, 7, 79, 2, 4, 125,
       236, 115, 207, 61, 246, 255, 255, 253, 99, 12, 195, 48, 14, 231,
       251, 79, 12, 0, 124, 252, 255, 127, 239, 48, 195, 29, 191, 143,
       16, 0, 0, 152, 193, 187, 124, 210, 0, 128, 237, 247, 251, 125, 81,
       232, 205, 178, 66, 0, 0, 64, 48, 96, 224, 180, 187, 255, 255, 231,
       64, 0, 1, 193, 194, 125, 255, 119, 207, 44, 240, 237, 247, 223,
       119, 12, 195, 0, 0, 1, 176, 63, 47, 0, 100, 252, 251, 255, 143,
       48, 130, 61, 119, 222, 25, 198, 16, 19, 25, 185, 255, 255, 62, 16,
       229, 242, 191, 77, 18, 200, 220, 231, 121, 100, 36, 2, 239, 239,
       255, 254, 191, 247, 255, 246, 224, 0, 0, 128, 199, 15, 255, 246,
       255, 127, 247, 223, 119, 253, 123, 140, 195, 56, 14, 128, 0, 1, 2,
       8, 39, 60, 227, 95, 191, 116, 0, 0, 4, 218, 120, 231, 145, 19, 49,
       49, 39, 74, 184, 217, 236, 114, 127, 15, 2, 1, 0, 0, 0, 0, 229,
       51, 0, 128, 178, 176, 255, 255, 231, 225, 192, 1, 0, 0, 0, 1, 238,
       112, 199, 191, 255, 254, 251, 193, 33, 12, 0, 0, 0, 0, 16, 0, 0,
       0, 2, 60, 227, 25, 111, 188, 243, 158, 25, 131, 24, 192, 128, 11,
       252, 128, 6, 0, 129, 193, 96, 112, 243, 187, 252, 255, 255, 211,
       104, 96, 52, 159, 239, 27, 48, 176, 59, 199, 97, 96, 192, 0, 99,
       99, 6, 12, 237, 112, 195, 12, 47, 12, 255, 251, 47, 14, 0, 48, 64,
       99, 251, 127, 9, 0, 68, 56, 227, 248, 227, 253, 239, 127, 253,
       255, 59, 199, 0, 208, 156, 255, 253, 2, 0, 128, 229, 242, 63, 233,
       41, 122, 13, 168, 203, 64, 0, 128, 247, 230, 255, 0, 115, 222,
       239, 239, 223, 127, 0, 0, 128, 25, 238, 119, 255, 253, 231, 1, 7,
       26, 228, 80, 130, 32, 12, 134, 3, 0, 0, 0, 238, 252, 227, 255,
       255, 255, 156, 225, 204, 251, 127, 192, 0, 3, 253, 178, 231, 3,
       16, 217, 239, 18, 64, 249, 191, 179, 243, 255, 77, 110, 1, 0, 225,
       255, 255, 0, 64, 0, 192, 239, 223, 63, 30, 28, 60, 253, 142, 15,
       127, 253, 207, 3, 0, 0, 0, 97, 223, 247, 62, 223, 119, 199, 132,
       255, 254, 207, 128, 255, 255, 255, 191, 255, 254, 3, 132, 56, 246,
       255, 255, 34, 68, 2, 182, 79, 16, 69, 242, 251, 255, 255, 51, 249,
       46, 18, 218, 102, 24, 153, 56, 176, 123, 223, 225, 224, 192, 65,
       3, 0, 0, 29, 239, 120, 231, 253, 239, 63, 249, 128, 1, 0, 243,
       182, 63, 231, 103, 231, 14, 49, 252, 125, 239, 0, 124, 255, 255,
       255, 153, 3, 136, 247, 254, 255, 127, 255, 71, 248, 191, 154, 239,
       217, 55, 226, 253, 255, 183, 217, 44, 20, 222, 247, 201, 221, 51,
       95, 0, 48, 254, 191, 47, 30, 128, 152, 255, 227, 7, 134, 28, 243,
       220, 177, 6, 60, 255, 255, 132, 1, 4, 128, 16, 25, 34, 220, 51,
       199, 4, 255, 255, 247, 223, 251, 239, 48, 215, 220, 1, 3, 25, 144,
       161, 4, 0, 237, 48, 197, 115, 9, 0, 36, 60, 255, 247, 251, 32, 18,
       0, 192, 224, 128, 123, 207, 239, 239, 133, 1, 111, 6, 0, 0, 224,
       117, 255, 253, 230, 91, 103, 248, 239, 127, 255, 49, 11, 103, 67,
       228, 221, 255, 255, 117, 135, 223, 23, 240, 202, 127, 7, 240, 211,
       207, 159, 211, 57, 0, 0, 4, 158, 255, 255, 127, 74, 4, 64, 70,
       126, 79, 1, 0, 128, 114, 29, 25, 58, 160, 19, 215, 239, 239, 207,
       31, 7, 2, 174, 253, 239, 63, 127, 252, 232, 99, 239, 59, 67, 0,
       131, 52, 108, 2, 64, 80, 0, 17, 127, 254, 169, 231, 223, 245, 131,
       187, 255, 63, 189, 224, 192, 19, 255, 115, 231, 255, 190, 25, 125,
       20, 128, 241, 255, 7, 64, 188, 239, 102, 54, 0, 128, 225, 203,
       180, 255, 255, 231, 1, 0, 0, 96, 224, 198, 29, 239, 112, 199, 63,
       255, 255, 255, 195, 33, 12, 227, 0, 0, 0, 16, 0, 192, 57, 239, 60,
       231, 24, 103, 188, 243, 191, 127, 207, 24, 198, 0, 1, 32, 0, 2,
       32, 191, 255, 255, 119, 243, 187, 77, 222, 221, 135, 72, 64, 36,
       155, 255, 127, 62, 180, 252, 223, 243, 235, 65, 2, 1, 239, 222,
       61, 103, 1, 135, 255, 255, 63, 225, 0, 33, 76, 227, 54, 6, 129,
       224, 249, 255, 143, 16, 80, 64, 1, 101, 252, 125, 200, 1, 0, 0, 0,
       19, 222, 251, 159, 233, 189, 1, 180, 127, 15, 5, 128, 76, 103, 7,
       209, 246, 255, 123, 128, 255, 255, 127, 176, 123, 135, 224, 8, 0,
       0, 96, 96, 64, 0, 233, 120, 243, 205, 7, 10, 124, 254, 239, 63,
       96, 0, 0, 96, 144, 126, 127, 121, 65, 0, 195, 252, 243, 143, 4, 0,
       252, 252, 255, 199, 0, 1, 0, 140, 153, 4, 199, 1, 75, 0, 115, 25,
       174, 1, 1, 32, 211, 225, 32, 26, 199, 102, 205, 176, 25, 219, 255,
       239, 207, 14, 2, 155, 254, 253, 111, 19, 13, 124, 204, 49, 131,
       56, 239, 121, 207, 49, 12, 130, 96, 113, 230, 191, 127, 247, 156,
       247, 252, 115, 207, 123, 199, 16, 67, 140, 1, 19, 49, 19, 19, 8,
       155, 201, 0, 193, 255, 111, 113, 252, 254, 239, 17, 0, 160, 126,
       128, 209, 51, 176, 123, 207, 227, 225, 192, 0, 3, 0, 134, 13, 230,
       112, 255, 253, 231, 127, 255, 251, 35, 12, 195, 48, 14, 199, 3, 0,
       0, 0, 3, 28, 226, 24, 191, 252, 98, 7, 16, 130, 16, 132, 16, 0,
       32, 0, 6, 224, 255, 255, 255, 54, 3, 153, 12, 202, 15, 1, 0, 96,
       255, 191, 207, 31, 62, 244, 255, 207, 225, 104, 192, 0, 67, 0, 2,
       29, 255, 249, 255, 255, 119, 142, 120, 228, 57, 255, 251, 248, 79,
       255, 227, 7, 4, 16, 100, 124, 227, 159, 63, 247, 126, 70, 220,
       251, 255, 207, 28, 240, 161, 63, 126, 210, 54, 16, 229, 114, 115,
       217, 255, 35, 161, 252, 223, 64, 0, 0, 48, 240, 96, 148, 127, 207,
       227, 225, 193, 1, 5, 207, 206, 20, 34, 0, 199, 157, 111, 60, 0, 0,
       0, 0, 129, 55, 118, 1, 100, 177, 32, 0, 0, 0, 100, 16, 101, 159,
       125, 236, 129, 3, 30, 56, 96, 146, 255, 1, 137, 0, 0, 192, 255,
       95, 71, 155, 12, 118, 63, 219, 124, 254, 55, 140, 170, 186, 255,
       244, 255, 255, 97, 32, 64, 0, 97, 227, 2, 28, 255, 240, 231, 159,
       119, 254, 251, 231, 33, 14, 227, 48, 7, 97, 226, 127, 171, 0, 64,
       56, 227, 25, 39, 156, 119, 6, 56, 235, 24, 6, 0, 16, 128, 31, 249,
       255, 100, 0, 0, 50, 51, 25, 0, 4, 12, 246, 255, 101, 0, 72, 246,
       239, 239, 160, 123, 223, 239, 225, 192, 65, 0, 128, 0, 0, 8, 96,
       195, 13, 46, 120, 243, 219, 15, 0, 128, 52, 109, 167, 15, 4, 24,
       0, 0, 0, 192, 249, 239, 15, 7, 56, 242, 142, 25, 0, 64, 216, 255,
       255, 15, 128, 253, 255, 152, 247, 243, 251, 14, 152, 249, 7, 0,
       32, 81, 0, 240, 243, 114, 180, 251, 255, 255, 99, 64, 0, 67, 65,
       2, 28, 255, 247, 207, 60, 242, 237, 243, 205, 123, 46, 227, 16, 0,
       67, 243, 255, 191, 49, 100, 248, 251, 111, 143, 48, 130, 255, 51,
       196, 80, 198, 16, 209, 157, 255, 255, 250, 255, 51, 129, 178, 251,
       255, 215, 248, 122, 219, 64, 96, 37, 138, 247, 255, 21, 244, 255,
       207, 97, 96, 192, 0, 0, 128, 128, 13, 239, 240, 231, 255, 255,
       191, 121, 192, 33, 14, 227, 48, 15, 128, 3, 0, 64, 0, 97, 60, 227,
       8, 39, 158, 121, 206, 25, 195, 28, 231, 156, 3, 49, 0, 6, 227, 1,
       0, 100, 50, 49, 155, 13, 2, 0, 144, 255, 247, 54, 147, 175, 25,
       58, 223, 254, 111, 179, 48, 0, 128, 193, 225, 65, 0, 17, 224, 194,
       159, 127, 190, 249, 196, 49, 140, 225, 28, 15, 0, 128, 20, 57, 0,
       0, 0, 0, 8, 35, 156, 125, 140, 1, 0, 0, 4, 16, 158, 241, 0, 160,
       135, 0, 128, 32, 0, 32, 153, 76, 71, 6, 1, 0, 129, 1, 0, 184, 127,
       73, 48, 0, 223, 79, 3, 0, 68, 123, 122, 32, 0, 0, 64, 205, 53,
       239, 124, 247, 219, 111, 30, 243, 176, 15, 32, 128, 244, 127, 192,
       128, 209, 127, 123, 239, 48, 227, 61, 115, 196, 0, 2, 8, 234, 240,
       46, 203, 249, 239, 54, 223, 255, 223, 63, 0, 216, 254, 199, 0, 0,
       128, 32, 0, 96, 195, 48, 80, 223, 239, 3, 193, 71, 111, 0, 126,
       125, 239, 115, 13, 0, 224, 124, 247, 203, 3, 0, 35, 180, 111, 247,
       255, 31, 4, 20, 62, 254, 251, 251, 239, 52, 247, 255, 51, 131, 8,
       247, 255, 255, 255, 255, 239, 211, 0, 152, 108, 192, 243, 255,
       255, 255, 31, 129, 0, 20, 223, 33, 192, 225, 243, 160, 127, 207,
       195, 192, 128, 97, 6, 0, 140, 29, 239, 48, 247, 221, 111, 127,
       253, 195, 33, 78, 243, 32, 13, 2, 225, 223, 38, 27, 110, 61, 229,
       16, 52, 220, 127, 143, 17, 192, 80, 199, 31, 227, 25, 255, 255,
       218, 54, 154, 37, 48, 48, 152, 252, 7, 6, 209, 255, 120, 0, 194,
       247, 166, 255, 180, 59, 199, 97, 0, 0, 64, 96, 96, 192, 13, 239,
       112, 227, 255, 255, 255, 255, 253, 33, 14, 0, 0, 79, 247, 251,
       239, 255, 57, 100, 56, 227, 24, 255, 254, 33, 14, 16, 242, 120,
       231, 0, 240, 189, 255, 111, 185, 39, 182, 45, 2, 113, 249, 143, 3,
       0, 0, 200, 229, 37, 136, 251, 255, 50, 160, 123, 223, 255, 239,
       199, 1, 7, 6, 12, 29, 239, 113, 223, 125, 38, 0, 0, 8, 237, 124,
       195, 51, 8, 199, 83, 230, 207, 59, 237, 60, 227, 136, 61, 127, 60,
       64, 0, 0, 66, 140, 19, 147, 185, 179, 66, 249, 175, 154, 229, 62,
       16, 128, 44, 55, 183, 233, 16, 8, 225, 34, 41, 1, 0, 176, 59, 255,
       255, 231, 195, 1, 7, 0, 142, 29, 239, 115, 207, 61, 162, 0, 99,
       159, 255, 60, 195, 48, 14, 199, 227, 231, 207, 59, 239, 60, 161,
       203, 175, 63, 4, 0, 0, 136, 115, 198, 17, 144, 185, 59, 224, 127,
       30, 203, 247, 52, 0, 217, 190, 3, 131, 0, 128, 201, 1, 91, 31, 0,
       0, 52, 0, 0, 8, 0, 16, 124, 48, 248, 240, 229, 15, 14, 56, 224,
       205, 127, 255, 249, 131, 7, 0, 128, 64, 56, 28, 0, 64, 0, 0, 140,
       96, 6, 255, 252, 243, 255, 255, 247, 156, 231, 204, 227, 191, 220,
       31, 163, 40, 144, 124, 255, 207, 247, 80, 76, 124, 222, 79, 102,
       54, 131, 193, 243, 247, 180, 123, 223, 227, 233, 193, 1, 7, 207,
       206, 28, 226, 0, 199, 255, 111, 58, 233, 248, 237, 127, 227, 48,
       15, 135, 224, 247, 255, 255, 255, 127, 135, 57, 126, 255, 125, 74,
       8, 128, 144, 198, 154, 147, 49, 59, 227, 125, 143, 254, 179, 65,
       224, 185, 252, 55, 7, 0, 0, 128, 229, 50, 136, 153, 11, 176, 59,
       3, 96, 108, 204, 16, 67, 0, 0, 13, 239, 124, 255, 205, 167, 95,
       126, 241, 161, 13, 203, 112, 14, 203, 115, 6, 128, 49, 230, 28,
       227, 222, 255, 255, 255, 255, 255, 243, 156, 196, 220, 155, 41,
       59, 230, 255, 254, 255, 47, 0, 243, 255, 117, 120, 56, 158, 255,
       119, 54, 151, 239, 157, 47, 180, 253, 255, 99, 0, 0, 0, 97, 96,
       198, 127, 239, 49, 71, 190, 255, 190, 251, 192, 33, 12, 97, 16,
       111, 225, 253, 59, 135, 25, 126, 127, 41, 0, 68, 188, 241, 142,
       25, 195, 24, 70, 220, 251, 255, 255, 239, 255, 18, 154, 117, 8, 0,
       128, 76, 70, 12, 144, 107, 32, 190, 255, 255, 255, 47, 148, 250,
       223, 231, 235, 195, 3, 15, 207, 222, 61, 239, 17, 7, 188, 254,
       127, 235, 168, 97, 77, 235, 48, 14, 199, 97, 225, 231, 191, 127,
       127, 128, 1, 108, 252, 251, 222, 1, 0, 0, 132, 18, 159, 121, 59,
       227, 253, 255, 0, 16, 0, 36, 154, 76, 110, 15, 3, 0, 0, 192, 96,
       208, 253, 95, 180, 59, 199, 225, 96, 192, 0, 3, 0, 206, 13, 231,
       248, 255, 255, 255, 255, 255, 249, 33, 12, 243, 52, 14, 195, 241,
       235, 247, 123, 39, 48, 227, 31, 63, 252, 240, 135, 31, 255, 28,
       231, 92, 211, 57, 187, 227, 125, 75, 32, 128, 114, 115, 31, 196,
       199, 5, 144, 252, 103, 0, 0, 32, 224, 195, 176, 123, 31, 0, 0,
       216, 112, 115, 0, 222, 125, 239, 123, 111, 156, 225, 126, 24, 224,
       41, 111, 123, 129, 8, 251, 25, 10, 0, 16, 35, 4, 96, 0, 3, 182,
       123, 198, 153, 224, 214, 255, 255, 103, 40, 160, 4, 80, 251, 9,
       64, 54, 16, 16, 12, 102, 15, 0, 128, 159, 239, 251, 79, 29, 0,
       132, 43, 4, 225, 239, 15, 1, 0, 128, 200, 253, 239, 63, 0, 0, 0,
       64, 206, 59, 239, 121, 207, 3, 0, 0, 160, 255, 127, 24, 32, 42,
       249, 224, 129, 0, 199, 123, 239, 63, 191, 132, 0, 3, 16, 144, 145,
       184, 255, 51, 0, 224, 255, 255, 243, 216, 248, 255, 255, 64, 0, 0,
       128, 116, 64, 52, 64, 217, 238, 111, 199, 94, 107, 25, 254, 253,
       15, 3, 4, 252, 77, 32, 135, 250, 239, 63, 255, 247, 15, 1, 32, 16,
       128, 255, 255, 255, 28, 161, 252, 255, 63, 8, 252, 251, 163, 255,
       255, 23, 48, 0, 0, 0, 1, 128, 32, 248, 244, 251, 255, 255, 183,
       40, 190, 255, 111, 16, 0, 64, 240, 160, 123, 223, 207, 192, 208,
       103, 127, 63, 0, 8, 200, 96, 223, 253, 255, 255, 255, 201, 0, 0,
       50, 180, 123, 119, 127, 230, 24, 32, 68, 24, 161, 27, 47, 124,
       240, 255, 23, 199, 8, 32, 64, 0, 194, 2, 8, 132, 245, 255, 255, 7,
       3, 0, 12, 2, 76, 151, 105, 100, 50, 0, 32, 98, 204, 180, 25, 223,
       255, 111, 66, 0, 0, 128, 230, 255, 239, 63, 77, 4, 224, 104, 227,
       155, 239, 60, 195, 0, 0, 0, 0, 27, 160, 24, 127, 254, 185, 99, 0,
       0, 192, 16, 35, 156, 127, 198, 0, 3, 153, 177, 255, 127, 17, 216,
       101, 16, 0, 0, 0, 0, 8, 6, 195, 233, 33, 2, 239, 255, 127, 180,
       249, 223, 35, 0, 0, 0, 115, 235, 214, 44, 227, 113, 1, 156, 239,
       126, 112, 128, 33, 110, 243, 7, 2, 64, 240, 125, 35, 0, 0, 0, 64,
       0, 71, 190, 127, 196, 0, 192, 78, 134, 252, 255, 95, 223, 181,
       134, 64, 0, 0, 54, 19, 27, 68, 103, 7, 0, 208, 129, 0, 66, 241,
       224, 255, 180, 251, 255, 247, 99, 0, 0, 0, 128, 192, 29, 255, 243,
       207, 60, 242, 252, 251, 255, 127, 12, 195, 0, 12, 0, 224, 31, 32,
       0, 108, 252, 255, 251, 143, 48, 130, 60, 51, 230, 121, 198, 16, 3,
       0, 187, 253, 255, 126, 0, 197, 242, 251, 253, 159, 216, 251, 71,
       88, 109, 36, 144, 239, 239, 255, 128, 251, 223, 231, 193, 128, 65,
       127, 111, 76, 0, 0, 0, 128, 13, 110, 120, 243, 203, 47, 12, 0, 32,
       67, 103, 251, 254, 153, 247, 206, 35, 142, 56, 98, 28, 99, 24,
       115, 206, 57, 70, 0, 0, 132, 239, 31, 0, 212, 255, 191, 207, 207,
       231, 249, 7, 0, 32, 251, 97, 0, 201, 118, 118, 245, 244, 255, 199,
       96, 104, 64, 0, 0, 128, 194, 29, 255, 255, 255, 255, 55, 14, 120,
       244, 61, 63, 235, 240, 79, 227, 227, 7, 0, 24, 110, 252, 231, 159,
       61, 223, 28, 70, 220, 255, 255, 239, 156, 243, 189, 255, 103, 91,
       16, 216, 237, 123, 117, 130, 239, 35, 241, 61, 93, 1, 4, 195, 241,
       177, 179, 176, 251, 223, 227, 225, 193, 1, 2, 2, 4, 29, 239, 113,
       199, 189, 239, 126, 241, 192, 33, 12, 131, 32, 8, 2, 83, 95, 4,
       17, 100, 60, 227, 25, 103, 190, 123, 206, 145, 227, 94, 198, 0, 1,
       136, 178, 255, 255, 62, 186, 109, 18, 243, 27, 68, 111, 15, 0,
       220, 101, 32, 26, 195, 230, 199, 160, 251, 255, 231, 65, 128, 0,
       2, 226, 196, 25, 239, 112, 199, 255, 255, 255, 255, 201, 33, 14,
       227, 32, 6, 2, 64, 240, 255, 123, 239, 116, 231, 59, 127, 252,
       255, 255, 63, 243, 28, 247, 156, 211, 61, 255, 167, 57, 255, 255,
       255, 255, 255, 255, 125, 126, 54, 217, 124, 126, 54, 155, 201,
       145, 19, 180, 120, 15, 0, 40, 88, 112, 0, 225, 194, 45, 239, 121,
       231, 156, 111, 14, 8, 224, 47, 127, 249, 209, 7, 185, 0, 32, 231,
       255, 255, 127, 191, 185, 228, 139, 8, 70, 254, 255, 255, 255, 252,
       243, 57, 16, 2, 41, 191, 223, 135, 192, 224, 255, 135, 161, 249,
       127, 1, 0, 197, 0, 32, 49, 18, 48, 120, 223, 2, 1, 129, 98, 127,
       107, 86, 44, 1, 0, 133, 253, 239, 127, 255, 251, 1, 0, 0, 0, 96,
       115, 252, 126, 57, 132, 0, 0, 64, 17, 255, 255, 255, 255, 255,
       247, 28, 224, 128, 0, 0, 196, 152, 132, 64, 32, 0, 96, 243, 251,
       253, 254, 118, 152, 72, 100, 54, 145, 39, 0, 196, 254, 191, 247,
       112, 32, 0, 0, 65, 193, 195, 15, 255, 255, 227, 254, 251, 175,
       255, 228, 49, 14, 225, 16, 2, 65, 176, 56, 225, 8, 35, 28, 227, 8,
       3, 132, 224, 255, 255, 247, 31, 231, 152, 3, 0, 137, 145, 103, 8,
       0, 64, 50, 49, 24, 12, 2, 76, 30, 207, 100, 54, 27, 196, 205, 255,
       0, 123, 223, 199, 192, 144, 99, 127, 110, 0, 0, 200, 96, 207, 61,
       247, 255, 255, 193, 1, 0, 0, 160, 97, 54, 30, 196, 120, 96, 204,
       41, 163, 24, 3, 20, 224, 156, 51, 207, 24, 97, 0, 0, 0, 0, 144,
       135, 44, 255, 255, 68, 47, 0, 0, 0, 76, 182, 107, 68, 182, 125, 0,
       78, 204, 252, 255, 239, 243, 112, 64, 0, 0, 128, 199, 31, 255,
       240, 195, 31, 63, 136, 96, 132, 57, 252, 227, 16, 12, 128, 0, 0,
       192, 57, 111, 28, 33, 0, 2, 14, 40, 0, 0, 128, 112, 222, 19, 3,
       49, 0, 0, 127, 159, 219, 0, 0, 0, 0, 12, 7, 143, 1, 144, 193, 0,
       18, 140, 25, 26, 180, 59, 223, 111, 224, 223, 0, 0, 128, 128, 28,
       239, 115, 195, 12, 235, 100, 210, 73, 47, 0, 215, 55, 12, 128, 3,
       0, 0, 0, 100, 188, 251, 0, 65, 248, 127, 0, 0, 64, 104, 165, 85,
       31, 49, 0, 224, 255, 0, 144, 228, 186, 61, 224, 255, 255, 247,
       225, 16, 8, 1, 118, 8, 9, 10, 0, 122, 223, 3, 0, 144, 99, 62, 36,
       0, 0, 232, 113, 239, 255, 255, 255, 255, 192, 1, 6, 0, 0, 64, 54,
       31, 12, 24, 0, 0, 120, 231, 63, 127, 254, 185, 134, 24, 243, 124,
       231, 140, 1, 0, 196, 92, 7, 0, 0, 192, 243, 247, 41, 8, 7, 3, 248,
       255, 255, 54, 155, 4, 4, 254 ]
