%YAML:1.0
---
desc_matrix: !!opencv-matrix
   rows: 100
   cols: 64
   dt: u
   data: [ 244, 255, 207, 1, 0, 64, 96, 48, 161, 198, 13, 239, 248, 247,
       223, 127, 191, 121, 192, 33, 6, 0, 128, 65, 32, 40, 25, 32, 0, 2,
       52, 227, 25, 39, 156, 120, 199, 159, 239, 28, 231, 136, 114, 157,
       213, 173, 238, 113, 0, 0, 50, 49, 24, 12, 70, 236, 254, 239, 118,
       54, 129, 239, 63, 1, 160, 127, 207, 225, 224, 192, 97, 0, 0, 0, 0,
       204, 112, 231, 255, 111, 30, 48, 0, 32, 0, 131, 240, 127, 255, 31,
       4, 0, 0, 0, 12, 225, 24, 119, 159, 60, 132, 0, 3, 24, 64, 0, 112,
       231, 119, 14, 0, 0, 217, 32, 32, 113, 185, 174, 3, 0, 144, 255,
       255, 0, 128, 50, 51, 50, 48, 121, 223, 231, 97, 193, 2, 127, 107,
       94, 45, 5, 0, 135, 29, 239, 126, 241, 0, 0, 0, 0, 32, 112, 99,
       253, 127, 53, 128, 0, 1, 0, 17, 255, 255, 255, 255, 255, 231, 31,
       0, 0, 0, 196, 239, 216, 150, 96, 0, 88, 119, 243, 251, 253, 254,
       127, 153, 108, 102, 52, 8, 2, 98, 236, 176, 251, 255, 255, 227,
       131, 0, 0, 0, 132, 125, 255, 115, 207, 60, 240, 252, 255, 255,
       119, 30, 195, 0, 8, 0, 0, 0, 0, 0, 126, 252, 255, 255, 207, 48,
       130, 191, 255, 255, 29, 198, 16, 3, 0, 0, 0, 0, 0, 217, 229, 243,
       255, 127, 19, 200, 88, 190, 239, 100, 36, 16, 8, 0, 0, 180, 251,
       255, 239, 225, 0, 0, 0, 0, 198, 29, 239, 112, 199, 61, 255, 253,
       255, 207, 35, 12, 227, 0, 14, 192, 1, 0, 192, 57, 239, 60, 231,
       25, 103, 60, 227, 191, 51, 130, 24, 134, 16, 147, 185, 185, 7, 97,
       159, 223, 255, 255, 247, 191, 93, 222, 222, 135, 0, 64, 224, 250,
       255, 255, 63, 95, 0, 48, 254, 191, 47, 158, 128, 152, 251, 227,
       22, 134, 188, 243, 222, 179, 7, 60, 253, 255, 132, 9, 0, 0, 0, 25,
       226, 220, 19, 197, 4, 255, 255, 247, 223, 251, 207, 48, 215, 204,
       1, 3, 25, 144, 177, 4, 128, 253, 48, 229, 115, 1, 0, 36, 60, 255,
       247, 123, 32, 18, 0, 192, 237, 160, 123, 223, 239, 227, 192, 65,
       2, 0, 0, 0, 0, 96, 199, 29, 110, 56, 247, 219, 47, 12, 131, 48,
       111, 167, 11, 4, 24, 96, 0, 0, 227, 251, 255, 63, 167, 125, 246,
       222, 25, 0, 0, 216, 255, 255, 15, 226, 255, 63, 136, 247, 243,
       255, 55, 248, 255, 7, 0, 0, 65, 64, 240, 243, 114, 176, 123, 207,
       225, 224, 192, 65, 2, 0, 0, 29, 239, 120, 231, 253, 239, 63, 121,
       128, 0, 0, 251, 246, 63, 167, 103, 231, 239, 57, 252, 125, 167, 0,
       252, 255, 255, 255, 153, 3, 128, 255, 255, 255, 63, 191, 231, 185,
       191, 223, 255, 93, 39, 162, 252, 255, 183, 217, 44, 22, 223, 183,
       201, 253, 51, 32, 120, 207, 235, 237, 157, 3, 79, 79, 28, 40, 0,
       0, 247, 253, 239, 127, 255, 240, 161, 79, 255, 247, 31, 70, 2, 64,
       208, 231, 255, 127, 239, 29, 252, 94, 128, 143, 254, 63, 128, 7,
       126, 255, 251, 59, 7, 35, 8, 204, 255, 255, 255, 7, 128, 4, 64,
       190, 239, 0, 0, 64, 184, 121, 50, 248, 255, 239, 241, 240, 152, 0,
       66, 2, 68, 31, 255, 240, 231, 255, 63, 132, 64, 0, 1, 200, 195,
       63, 126, 2, 64, 80, 101, 49, 103, 28, 225, 8, 39, 15, 56, 128,
       128, 11, 110, 52, 112, 154, 243, 0, 192, 245, 255, 251, 127, 6,
       35, 153, 14, 3, 161, 253, 255, 255, 62, 12, 170, 25, 8, 176, 59,
       195, 105, 4, 0, 64, 98, 98, 68, 8, 111, 116, 243, 69, 7, 8, 255,
       255, 175, 31, 32, 0, 0, 96, 248, 127, 63, 121, 68, 0, 128, 252,
       243, 5, 0, 32, 254, 254, 57, 194, 136, 65, 140, 254, 25, 248, 255,
       190, 25, 68, 115, 89, 142, 0, 64, 36, 203, 64, 36, 139, 119, 38,
       196, 251, 191, 231, 253, 127, 224, 193, 130, 0, 1, 2, 16, 224,
       251, 79, 182, 217, 255, 255, 23, 128, 0, 8, 192, 0, 10, 4, 0, 0,
       0, 12, 32, 8, 187, 237, 103, 1, 0, 0, 88, 192, 0, 0, 128, 0, 8,
       128, 1, 254, 60, 38, 2, 249, 253, 7, 0, 0, 0, 193, 225, 0, 34, 32,
       0, 0, 123, 207, 239, 239, 223, 127, 0, 132, 0, 24, 238, 127, 255,
       253, 103, 1, 15, 18, 160, 64, 130, 32, 12, 134, 3, 0, 64, 0, 111,
       124, 227, 159, 255, 255, 156, 227, 220, 251, 127, 192, 128, 19,
       189, 178, 7, 0, 152, 201, 111, 0, 32, 249, 174, 179, 251, 255, 77,
       110, 37, 128, 233, 255, 127, 176, 17, 211, 239, 239, 207, 31, 3,
       147, 190, 253, 239, 63, 9, 124, 232, 33, 130, 56, 239, 121, 207,
       51, 12, 131, 97, 99, 134, 63, 127, 255, 189, 247, 254, 243, 143,
       123, 238, 28, 3, 8, 0, 18, 1, 51, 23, 8, 147, 219, 117, 128, 224,
       127, 183, 184, 248, 255, 247, 112, 48, 126, 158, 149, 183, 176,
       255, 223, 227, 224, 208, 1, 0, 128, 128, 1, 238, 240, 231, 159,
       255, 126, 121, 64, 33, 78, 243, 182, 30, 131, 3, 7, 222, 121, 231,
       60, 227, 25, 255, 191, 191, 254, 16, 193, 76, 149, 20, 18, 49, 51,
       103, 57, 254, 127, 135, 118, 247, 155, 4, 190, 63, 19, 124, 67,
       32, 126, 142, 157, 191, 148, 123, 0, 8, 4, 28, 40, 113, 225, 194,
       133, 47, 60, 255, 65, 1, 71, 124, 243, 135, 11, 20, 192, 98, 0, 0,
       16, 96, 0, 3, 0, 192, 220, 179, 5, 0, 23, 254, 255, 191, 231, 0,
       2, 0, 0, 128, 7, 0, 65, 96, 50, 17, 25, 6, 0, 72, 38, 203, 100,
       55, 153, 142, 15, 255, 160, 127, 207, 193, 192, 128, 65, 0, 128,
       140, 29, 239, 48, 231, 255, 111, 30, 253, 226, 33, 15, 242, 32,
       12, 128, 224, 31, 0, 24, 110, 125, 231, 0, 116, 221, 117, 175, 27,
       194, 144, 199, 158, 3, 1, 255, 253, 223, 54, 154, 37, 0, 0, 152,
       108, 246, 15, 128, 234, 80, 0, 0, 224, 238, 239, 0, 64, 223, 239,
       239, 7, 2, 72, 223, 240, 0, 0, 65, 223, 125, 238, 113, 239, 155,
       231, 92, 199, 48, 78, 199, 227, 229, 255, 255, 147, 241, 255, 255,
       255, 16, 128, 185, 255, 159, 53, 0, 0, 0, 128, 8, 56, 124, 255,
       127, 223, 195, 239, 255, 243, 253, 253, 254, 111, 64, 32, 24, 2,
       0, 196, 180, 255, 207, 97, 96, 0, 0, 0, 0, 128, 13, 239, 240, 231,
       255, 255, 191, 121, 192, 33, 14, 227, 48, 15, 128, 3, 0, 64, 0,
       96, 60, 227, 8, 39, 156, 121, 206, 17, 195, 28, 231, 156, 3, 49,
       0, 6, 227, 0, 0, 100, 50, 49, 155, 13, 2, 0, 144, 255, 247, 54,
       147, 13, 25, 58, 254, 255, 255, 247, 243, 96, 0, 129, 193, 199,
       15, 255, 241, 195, 14, 250, 254, 255, 143, 51, 140, 227, 56, 15,
       129, 32, 32, 192, 0, 32, 60, 251, 104, 193, 56, 227, 191, 35, 0,
       0, 0, 0, 144, 241, 0, 0, 0, 185, 81, 132, 50, 16, 16, 220, 206,
       14, 1, 0, 0, 240, 124, 190, 159, 59, 128, 123, 0, 8, 12, 28, 56,
       112, 224, 192, 128, 225, 124, 255, 193, 3, 3, 28, 114, 132, 127,
       124, 195, 16, 0, 128, 25, 33, 72, 235, 44, 179, 204, 147, 199, 4,
       231, 254, 255, 191, 255, 252, 171, 24, 128, 225, 255, 254, 255,
       159, 78, 63, 0, 162, 248, 255, 255, 125, 126, 63, 18, 45, 0, 137,
       188, 0, 0, 8, 4, 4, 120, 48, 240, 224, 229, 47, 62, 48, 224, 137,
       111, 254, 251, 207, 31, 0, 0, 64, 184, 152, 25, 0, 0, 2, 128, 120,
       4, 217, 236, 231, 63, 255, 255, 255, 231, 156, 227, 61, 252, 255,
       67, 120, 105, 76, 190, 159, 255, 115, 88, 80, 38, 255, 229, 54,
       155, 65, 192, 231, 235, 191, 231, 253, 255, 224, 193, 130, 0, 0,
       0, 16, 224, 251, 79, 182, 217, 255, 255, 23, 128, 0, 8, 192, 0,
       10, 4, 16, 0, 192, 12, 32, 8, 251, 237, 103, 0, 0, 0, 80, 192, 0,
       0, 128, 0, 8, 192, 1, 254, 182, 36, 50, 153, 60, 7, 0, 0, 0, 192,
       225, 0, 32, 112, 16, 160, 51, 215, 229, 239, 207, 31, 7, 23, 44,
       252, 239, 127, 127, 252, 224, 67, 15, 56, 232, 1, 143, 112, 76, 6,
       98, 214, 40, 3, 108, 252, 249, 199, 221, 255, 191, 251, 236, 63,
       255, 248, 128, 19, 191, 243, 231, 255, 62, 250, 165, 62, 17, 224,
       254, 63, 0, 56, 223, 239, 54, 1, 128, 193, 203, 52, 64, 216, 239,
       239, 207, 14, 11, 25, 254, 253, 15, 1, 0, 16, 72, 32, 199, 59,
       239, 57, 239, 119, 46, 1, 32, 32, 224, 191, 255, 255, 28, 33, 252,
       255, 63, 8, 100, 24, 225, 255, 255, 159, 49, 0, 0, 0, 1, 192, 32,
       249, 244, 251, 255, 187, 147, 96, 178, 255, 127, 16, 0, 64, 208,
       1, 255, 255, 255, 247, 227, 7, 14, 14, 156, 57, 254, 241, 207,
       127, 254, 255, 255, 13, 112, 0, 130, 32, 204, 134, 27, 192, 70,
       63, 127, 252, 231, 59, 111, 116, 243, 223, 3, 2, 16, 0, 0, 0, 160,
       50, 126, 3, 8, 201, 32, 112, 243, 25, 64, 206, 14, 131, 64, 64,
       240, 255, 255, 191, 62, 160, 123, 199, 239, 228, 192, 1, 6, 0, 0,
       0, 236, 244, 255, 255, 111, 29, 117, 208, 41, 12, 227, 52, 15,
       199, 227, 87, 28, 115, 226, 48, 227, 159, 127, 255, 127, 69, 212,
       155, 24, 231, 218, 215, 59, 59, 101, 2, 4, 255, 191, 70, 243, 159,
       36, 253, 175, 184, 42, 116, 7, 0, 8, 144, 48, 160, 251, 223, 227,
       225, 209, 3, 0, 130, 142, 25, 230, 112, 0, 156, 255, 127, 249, 0,
       33, 74, 243, 182, 63, 128, 0, 225, 255, 255, 255, 23, 136, 40, 66,
       176, 251, 222, 17, 3, 4, 247, 255, 255, 59, 0, 0, 56, 255, 255,
       159, 13, 0, 16, 64, 238, 47, 3, 0, 146, 255, 255, 191, 25, 0, 0,
       114, 223, 199, 195, 129, 3, 126, 12, 0, 0, 0, 64, 192, 29, 238,
       126, 251, 129, 3, 76, 66, 32, 10, 6, 67, 22, 24, 0, 192, 9, 111,
       24, 33, 56, 243, 222, 35, 3, 0, 132, 18, 7, 0, 34, 84, 134, 32,
       254, 255, 255, 223, 135, 65, 236, 14, 3, 0, 1, 0, 64, 48, 32, 252,
       180, 123, 223, 225, 96, 0, 0, 64, 64, 192, 13, 239, 112, 239, 255,
       255, 255, 255, 253, 33, 14, 0, 0, 64, 227, 251, 239, 255, 57, 100,
       56, 227, 24, 255, 254, 33, 6, 16, 226, 120, 231, 0, 240, 189, 255,
       107, 185, 111, 182, 45, 34, 49, 249, 142, 3, 0, 0, 72, 228, 37,
       136, 251, 255, 19, 180, 8, 223, 239, 231, 215, 7, 9, 155, 190,
       125, 230, 115, 13, 60, 232, 117, 199, 9, 99, 0, 131, 52, 126, 135,
       47, 225, 198, 255, 255, 247, 24, 0, 204, 120, 251, 153, 33, 2, 0,
       0, 0, 28, 231, 123, 127, 121, 159, 239, 51, 12, 4, 224, 93, 10, 0,
       133, 248, 113, 184, 109, 130, 247, 255, 32, 121, 223, 231, 1, 192,
       67, 127, 0, 28, 125, 237, 115, 207, 61, 255, 127, 251, 201, 1, 4,
       35, 180, 107, 119, 255, 95, 4, 0, 124, 252, 225, 59, 239, 252,
       255, 223, 17, 131, 8, 231, 254, 255, 255, 255, 239, 211, 34, 16,
       109, 16, 243, 251, 84, 110, 15, 129, 8, 20, 207, 227, 0, 192, 243,
       176, 123, 223, 239, 224, 192, 0, 67, 231, 206, 61, 239, 127, 255,
       253, 231, 95, 127, 251, 39, 14, 227, 48, 2, 67, 96, 224, 227, 255,
       255, 244, 131, 223, 191, 247, 128, 247, 254, 255, 255, 231, 16,
       18, 0, 3, 16, 0, 137, 201, 32, 112, 115, 25, 0, 248, 255, 255,
       127, 100, 32, 0, 36, 48, 16, 60, 0, 16, 12, 0, 0, 100, 0, 160,
       160, 225, 15, 54, 72, 224, 141, 127, 255, 251, 207, 15, 128, 128,
       79, 240, 11, 0, 70, 0, 96, 143, 125, 54, 249, 232, 227, 63, 255,
       255, 185, 231, 156, 224, 189, 252, 255, 163, 0, 0, 237, 255, 223,
       255, 17, 8, 0, 38, 203, 229, 54, 11, 0, 193, 243, 0, 123, 207,
       239, 231, 197, 75, 0, 128, 128, 0, 10, 112, 194, 13, 238, 125,
       255, 219, 167, 12, 231, 52, 47, 128, 0, 21, 42, 250, 255, 127, 63,
       0, 244, 252, 255, 189, 37, 146, 8, 166, 88, 219, 59, 48, 7, 120,
       255, 255, 255, 223, 255, 231, 251, 255, 151, 241, 120, 126, 127,
       159, 239, 255, 16, 52, 0, 80, 238, 15, 6, 76, 104, 255, 254, 253,
       239, 127, 255, 253, 239, 255, 255, 255, 255, 63, 255, 0, 0, 0,
       160, 249, 255, 255, 255, 245, 231, 63, 255, 255, 255, 255, 125,
       240, 128, 199, 158, 255, 57, 0, 225, 125, 255, 255, 191, 231, 247,
       235, 252, 127, 6, 0, 0, 129, 1, 242, 253, 8, 137, 255, 255, 255,
       247, 243, 224, 0, 128, 128, 128, 6, 254, 241, 195, 30, 250, 252,
       243, 5, 49, 0, 0, 24, 204, 129, 27, 0, 194, 56, 3, 16, 99, 8, 1,
       60, 255, 220, 1, 2, 16, 192, 210, 159, 255, 251, 231, 43, 254,
       255, 128, 34, 17, 24, 4, 110, 15, 131, 32, 0, 140, 227, 241, 241,
       115, 132, 43, 0, 232, 239, 15, 8, 0, 128, 202, 253, 239, 63, 0, 0,
       0, 96, 206, 59, 239, 57, 207, 1, 0, 0, 224, 255, 127, 24, 32, 2,
       216, 231, 211, 5, 135, 123, 255, 191, 63, 128, 0, 3, 25, 144, 17,
       184, 239, 51, 8, 226, 255, 255, 179, 216, 248, 254, 239, 96, 32,
       2, 128, 80, 64, 32, 249, 223, 231, 1, 128, 64, 127, 34, 4, 57,
       237, 115, 207, 189, 255, 127, 251, 192, 1, 4, 243, 182, 127, 247,
       239, 223, 29, 0, 116, 120, 225, 27, 111, 188, 251, 223, 19, 131,
       0, 38, 254, 252, 199, 255, 93, 210, 35, 144, 125, 16, 115, 25, 12,
       238, 111, 147, 104, 0, 0, 96, 0, 96, 192, 160, 251, 223, 199, 192,
       192, 99, 127, 111, 0, 0, 200, 96, 199, 61, 255, 254, 251, 195, 1,
       0, 2, 180, 123, 119, 127, 228, 24, 97, 64, 48, 227, 24, 39, 28,
       240, 190, 19, 135, 24, 32, 0, 0, 194, 0, 8, 132, 229, 119, 255,
       31, 3, 0, 8, 6, 76, 150, 107, 100, 54, 8, 0, 98, 204, 148, 59, 1,
       32, 232, 94, 48, 0, 193, 194, 133, 7, 8, 32, 193, 13, 119, 8, 32,
       224, 127, 221, 83, 20, 217, 49, 1, 130, 136, 3, 4, 0, 0, 2, 204,
       249, 255, 255, 111, 134, 24, 32, 0, 0, 16, 52, 239, 217, 184, 254,
       255, 31, 131, 0, 102, 252, 255, 101, 98, 0, 126, 63, 14, 4, 160,
       123, 223, 195, 192, 128, 97, 0, 0, 0, 0, 204, 112, 199, 253, 111,
       62, 112, 192, 1, 0, 130, 0, 8, 0, 3, 0, 0, 120, 239, 125, 239, 24,
       100, 190, 125, 206, 216, 203, 30, 255, 2, 0, 189, 0, 238, 255, 0,
       136, 231, 251, 119, 162, 108, 39, 245, 191, 12, 118, 127, 27, 192,
       207, 239, 180, 127, 207, 235, 237, 1, 0, 111, 239, 222, 61, 225,
       129, 247, 255, 111, 27, 97, 128, 33, 108, 99, 48, 2, 65, 224, 251,
       179, 207, 28, 112, 128, 25, 127, 223, 60, 0, 0, 128, 64, 198, 19,
       210, 152, 9, 225, 7, 0, 224, 0, 39, 0, 145, 44, 7, 2, 64, 242,
       251, 125, 159, 255, 191, 45, 180, 251, 223, 103, 96, 208, 0, 1,
       195, 206, 13, 103, 16, 199, 13, 231, 126, 243, 1, 33, 74, 195,
       178, 127, 243, 253, 255, 255, 153, 0, 0, 0, 0, 0, 12, 242, 222,
       19, 3, 0, 119, 3, 16, 129, 255, 121, 184, 67, 0, 0, 56, 54, 219,
       15, 202, 78, 151, 0, 0, 192, 96, 50, 162, 196, 1, 34, 0, 15, 4, 0,
       109, 124, 32, 0, 128, 136, 127, 254, 1, 0, 72, 255, 251, 143, 22,
       0, 0, 64, 48, 26, 28, 8, 32, 64, 168, 243, 255, 159, 69, 6, 53,
       126, 254, 127, 231, 0, 0, 140, 196, 28, 198, 100, 254, 175, 34,
       251, 93, 242, 157, 209, 38, 201, 255, 37, 128, 98, 102, 236, 180,
       251, 255, 239, 227, 193, 0, 0, 0, 198, 29, 239, 113, 199, 61, 255,
       252, 247, 131, 33, 12, 195, 48, 14, 195, 243, 11, 134, 57, 255,
       125, 231, 59, 239, 60, 243, 189, 51, 135, 24, 196, 144, 219, 253,
       255, 15, 16, 159, 219, 231, 115, 243, 251, 220, 206, 252, 247,
       105, 0, 148, 255, 211, 145, 48, 128, 51, 215, 237, 239, 207, 29,
       4, 151, 8, 220, 238, 127, 255, 252, 226, 3, 79, 251, 239, 9, 131,
       112, 78, 207, 107, 231, 10, 43, 76, 252, 251, 15, 221, 255, 174,
       3, 236, 250, 255, 238, 145, 18, 5, 115, 54, 250, 255, 254, 143,
       42, 53, 192, 248, 255, 15, 0, 136, 205, 247, 27, 0, 128, 192, 128,
       123, 223, 239, 128, 0, 0, 119, 0, 78, 25, 133, 16, 131, 13, 239,
       124, 255, 195, 3, 12, 115, 180, 107, 119, 13, 2, 128, 251, 43, 36,
       128, 255, 255, 5, 131, 189, 119, 143, 0, 231, 222, 199, 34, 44,
       70, 115, 219, 237, 0, 192, 243, 255, 255, 223, 208, 245, 1, 20,
       207, 16, 8, 1, 130, 128, 123, 223, 255, 239, 199, 1, 6, 134, 12,
       28, 239, 112, 223, 125, 38, 0, 0, 0, 237, 125, 199, 51, 12, 199,
       83, 224, 239, 59, 237, 60, 231, 8, 37, 127, 126, 96, 0, 0, 66,
       140, 19, 151, 57, 2, 98, 253, 175, 154, 133, 127, 127, 130, 104,
       119, 183, 201, 16, 8, 200, 32, 41, 41, 0, 180, 123, 223, 32, 32,
       16, 0, 65, 0, 0, 5, 109, 112, 225, 253, 239, 63, 120, 64, 33, 8,
       65, 16, 78, 209, 31, 0, 64, 16, 35, 12, 99, 24, 99, 254, 255, 239,
       153, 195, 28, 247, 212, 3, 32, 0, 224, 247, 8, 250, 173, 255, 119,
       163, 124, 255, 191, 249, 124, 118, 62, 144, 255, 255, 255, 180,
       121, 223, 227, 225, 193, 2, 0, 128, 128, 45, 239, 113, 199, 157,
       111, 60, 249, 195, 33, 8, 195, 20, 12, 128, 1, 0, 110, 56, 97,
       124, 231, 251, 231, 21, 129, 254, 255, 207, 29, 231, 16, 3, 33, 0,
       226, 255, 255, 123, 141, 242, 243, 63, 134, 128, 80, 150, 79, 68,
       38, 16, 8, 1, 0, 244, 255, 199, 96, 104, 0, 0, 0, 0, 0, 13, 255,
       252, 247, 223, 55, 31, 96, 224, 57, 111, 251, 1, 12, 0, 3, 23, 4,
       16, 96, 60, 227, 157, 55, 215, 28, 70, 152, 249, 255, 255, 25, 3,
       0, 32, 244, 255, 62, 24, 196, 114, 115, 159, 39, 33, 35, 120, 255,
       255, 36, 18, 0, 204, 207, 132, 123, 223, 231, 239, 193, 1, 5, 5,
       0, 0, 136, 96, 199, 61, 238, 122, 225, 0, 33, 72, 195, 48, 12,
       199, 19, 4, 0, 96, 3, 4, 193, 57, 239, 62, 185, 216, 3, 0, 0, 0,
       16, 157, 249, 179, 230, 255, 0, 136, 232, 247, 243, 191, 212, 254,
       255, 223, 96, 48, 184, 254, 255, 239, 255, 128, 123, 223, 239,
       227, 192, 1, 6, 0, 0, 0, 236, 247, 255, 125, 39, 8, 119, 219, 37,
       12, 227, 52, 14, 199, 227, 7, 12, 48, 96, 48, 227, 223, 255, 127,
       158, 165, 84, 139, 25, 231, 254, 223, 57, 191, 247, 147, 102, 255,
       175, 2, 243, 255, 255, 63, 147, 240, 42, 118, 95, 19, 5, 128, 179,
       255, 255, 127, 16, 48, 120, 160, 128, 128, 223, 127, 255, 187,
       111, 190, 241, 142, 123, 228, 49, 143, 249, 136, 132, 144, 240,
       59, 167, 24, 124, 252, 225, 3, 13, 176, 144, 134, 252, 255, 191,
       247, 4, 179, 153, 255, 255, 248, 179, 0, 64, 48, 49, 8, 8, 2, 0,
       16, 76, 231, 32, 130, 247, 182, 1, 180, 255, 223, 225, 224, 208,
       0, 0, 0, 128, 5, 238, 240, 231, 159, 127, 126, 121, 64, 33, 78,
       251, 183, 31, 129, 3, 0, 78, 56, 99, 60, 227, 25, 231, 158, 123,
       222, 17, 225, 76, 151, 53, 146, 49, 48, 102, 251, 255, 127, 15,
       64, 243, 255, 255, 249, 35, 17, 124, 67, 0, 16, 140, 221, 59, 132,
       122, 223, 7, 0, 0, 97, 127, 101, 0, 0, 0, 96, 239, 253, 255, 255,
       255, 249, 1, 6, 0, 0, 64, 117, 255, 158, 25, 64, 128, 96, 231, 63,
       255, 252, 243, 143, 16, 194, 24, 231, 128, 0, 0, 196, 24, 128, 0,
       128, 224, 247, 247, 187, 12, 2, 14, 193, 252, 255, 63, 155, 7, 0,
       244, 244, 255, 199, 96, 104, 0, 0, 0, 0, 0, 13, 255, 248, 255,
       223, 55, 14, 104, 224, 185, 127, 251, 1, 12, 0, 3, 23, 4, 16, 100,
       60, 227, 157, 55, 215, 28, 70, 152, 248, 255, 255, 25, 3, 0, 32,
       244, 255, 62, 26, 133, 114, 115, 25, 0, 33, 35, 120, 255, 255, 37,
       18, 132, 204, 207, 0, 98, 156, 239, 143, 3, 79, 12, 12, 24, 48,
       236, 127, 255, 120, 226, 73, 255, 251, 239, 31, 0, 0, 72, 4, 27,
       30, 0, 54, 250, 252, 251, 255, 255, 125, 134, 127, 255, 254, 27,
       0, 0, 0, 128, 96, 252, 71, 16, 255, 37, 0, 0, 120, 254, 158, 240,
       255, 67, 64, 0, 0, 0, 96, 228, 244, 255, 207, 225, 104, 64, 0, 0,
       128, 130, 13, 255, 248, 255, 255, 127, 31, 120, 224, 57, 111, 251,
       48, 14, 129, 3, 0, 0, 8, 103, 60, 227, 159, 127, 223, 28, 70, 152,
       248, 255, 223, 25, 3, 33, 48, 230, 255, 17, 136, 228, 50, 243, 27,
       38, 49, 171, 120, 222, 239, 37, 18, 0, 128, 207, 244, 255, 199, 1,
       0, 16, 32, 112, 64, 0, 12, 255, 248, 227, 207, 127, 255, 252, 224,
       1, 2, 112, 132, 111, 240, 191, 31, 13, 0, 96, 28, 225, 8, 3, 140,
       113, 255, 255, 231, 28, 0, 220, 251, 95, 252, 228, 255, 62, 0, 68,
       48, 48, 153, 12, 70, 252, 159, 109, 102, 22, 128, 249, 239, 255,
       176, 123, 223, 231, 224, 192, 0, 0, 128, 132, 29, 239, 112, 199,
       61, 239, 124, 243, 131, 33, 8, 227, 52, 14, 128, 0, 0, 64, 24,
       111, 60, 225, 0, 111, 12, 48, 0, 0, 0, 0, 132, 255, 159, 121, 0,
       0, 36, 137, 193, 101, 48, 240, 187, 134, 1, 3, 0, 0, 128, 65, 0,
       168, 249, 59, 180, 59, 199, 32, 32, 192, 96, 51, 35, 2, 12, 111,
       120, 225, 205, 47, 127, 120, 192, 32, 0, 1, 0, 0, 33, 62, 40, 0,
       0, 0, 12, 0, 0, 99, 206, 121, 255, 155, 195, 28, 226, 128, 113,
       254, 247, 255, 255, 127, 62, 0, 32, 16, 187, 207, 250, 254, 255,
       127, 118, 62, 159, 239, 135, 207, 180, 251, 223, 231, 224, 208,
       97, 7, 3, 206, 29, 239, 113, 199, 29, 231, 124, 251, 195, 32, 6,
       147, 176, 76, 247, 255, 255, 255, 255, 111, 16, 0, 0, 0, 12, 240,
       188, 51, 7, 0, 243, 238, 29, 0, 255, 120, 24, 255, 3, 0, 0, 0,
       152, 76, 6, 68, 151, 33, 0, 128, 0, 48, 100, 64, 0, 122, 223, 3,
       0, 144, 99, 62, 36, 0, 0, 224, 113, 255, 255, 255, 255, 255, 192,
       1, 6, 0, 0, 64, 182, 31, 12, 24, 0, 0, 112, 231, 63, 127, 254,
       185, 143, 24, 243, 124, 231, 140, 1, 0, 228, 94, 7, 0, 0, 192,
       243, 247, 41, 0, 7, 3, 240, 255, 255, 54, 155, 4, 196, 254, 252,
       255, 231, 112, 112, 240, 32, 0, 0, 135, 159, 255, 252, 243, 255,
       63, 143, 112, 4, 48, 128, 131, 190, 252, 131, 15, 2, 0, 24, 103,
       60, 225, 4, 127, 207, 60, 196, 0, 0, 0, 0, 2, 28, 231, 115, 30,
       66, 187, 251, 36, 242, 255, 239, 3, 33, 3, 1, 32, 177, 1, 228,
       178, 255, 50, 0, 122, 223, 7, 0, 0, 64, 112, 224, 192, 1, 0, 64,
       239, 1, 231, 92, 115, 3, 0, 0, 0, 4, 0, 0, 28, 24, 112, 248, 131,
       0, 0, 24, 175, 63, 126, 132, 0, 2, 8, 160, 66, 5, 0, 192, 249,
       255, 255, 44, 26, 4, 2, 25, 244, 15, 135, 129, 104, 254, 255, 255,
       207, 15, 5, 244, 255, 239, 97, 96, 192, 64, 0, 128, 128, 13, 239,
       240, 231, 159, 255, 255, 121, 192, 33, 14, 243, 48, 15, 128, 3, 0,
       64, 0, 96, 60, 227, 8, 39, 158, 121, 206, 25, 195, 28, 231, 156,
       3, 49, 0, 6, 227, 1, 0, 100, 50, 49, 155, 13, 2, 0, 144, 255, 247,
       54, 147, 47, 25, 58, 180, 121, 223, 231, 97, 193, 0, 111, 107,
       222, 61, 5, 0, 135, 29, 110, 124, 97, 0, 0, 0, 0, 52, 115, 103,
       253, 255, 21, 128, 0, 1, 0, 17, 239, 255, 255, 255, 255, 199, 31,
       0, 0, 0, 198, 239, 221, 150, 96, 0, 88, 119, 243, 251, 255, 255,
       255, 219, 108, 102, 48, 12, 2, 98, 253, 180, 123, 223, 231, 224,
       192, 1, 0, 128, 128, 29, 239, 113, 199, 28, 239, 124, 243, 131,
       33, 8, 195, 52, 14, 128, 3, 0, 64, 24, 111, 60, 227, 8, 71, 28,
       48, 0, 0, 0, 0, 4, 252, 255, 127, 0, 0, 36, 137, 201, 101, 50,
       128, 187, 142, 1, 3, 0, 0, 128, 65, 0, 168, 249, 58, 180, 187,
       255, 255, 231, 194, 0, 0, 129, 198, 125, 255, 119, 207, 44, 240,
       233, 255, 255, 119, 12, 195, 0, 4, 0, 0, 57, 98, 0, 108, 252, 255,
       255, 207, 48, 130, 61, 119, 222, 57, 198, 0, 3, 16, 16, 177, 255,
       33, 0, 229, 242, 251, 109, 19, 200, 216, 231, 121, 100, 36, 16,
       236, 237, 223, 180, 0, 0, 236, 111, 79, 28, 1, 17, 242, 253, 239,
       63, 56, 96, 128, 99, 4, 24, 232, 113, 13, 87, 126, 9, 172, 63,
       128, 0, 116, 206, 57, 230, 152, 242, 255, 255, 239, 55, 135, 24,
       34, 28, 198, 1, 224, 255, 63, 154, 0, 136, 140, 230, 255, 255,
       255, 251, 110, 50, 152, 125, 26, 78, 72, 180, 255, 223, 225, 96,
       0, 0, 64, 0, 192, 13, 239, 240, 231, 191, 255, 127, 120, 192, 33,
       12, 243, 22, 14, 192, 1, 0, 0, 0, 35, 60, 227, 25, 39, 158, 120,
       198, 16, 195, 140, 247, 255, 223, 57, 32, 6, 224, 185, 25, 100,
       48, 115, 155, 12, 102, 47, 145, 60, 255, 79, 19, 137, 25, 0, 0,
       123, 223, 131, 0, 0, 65, 118, 239, 0, 0, 136, 96, 199, 29, 103,
       92, 113, 193, 1, 12, 32, 0, 67, 32, 138, 212, 123, 96, 0, 0, 227,
       24, 167, 12, 48, 132, 16, 194, 24, 70, 220, 239, 126, 0, 0, 164,
       237, 34, 136, 50, 243, 255, 255, 201, 3, 193, 120, 52, 158, 255,
       31, 8, 0, 176, 123, 207, 239, 103, 192, 65, 2, 2, 4, 8, 238, 117,
       223, 125, 239, 25, 247, 219, 47, 12, 227, 48, 15, 130, 227, 87,
       30, 33, 252, 252, 255, 191, 61, 113, 231, 1, 252, 223, 191, 255,
       222, 243, 191, 255, 231, 155, 54, 255, 255, 223, 207, 6, 0, 4, 4,
       248, 239, 254, 7, 0, 128, 225, 227, 176, 59, 135, 0, 224, 223, 48,
       18, 0, 4, 29, 111, 56, 0, 0, 9, 118, 216, 67, 2, 66, 223, 167, 24,
       16, 0, 0, 96, 16, 3, 2, 8, 32, 2, 0, 65, 156, 255, 255, 255, 177,
       4, 34, 176, 0, 2, 245, 255, 251, 156, 255, 255, 255, 195, 64, 0,
       52, 255, 67, 162, 0, 255, 255, 127, 254, 191, 255, 255, 247, 224,
       0, 128, 129, 199, 31, 255, 255, 255, 126, 243, 207, 127, 253, 115,
       140, 195, 56, 14, 128, 0, 1, 226, 8, 39, 252, 243, 79, 159, 124,
       130, 1, 52, 218, 120, 230, 144, 19, 49, 16, 39, 40, 137, 201, 228,
       50, 51, 9, 0, 0, 0, 0, 0, 192, 247, 27, 128, 145, 243, 0, 251,
       223, 199, 0, 128, 97, 126, 238, 8, 0, 128, 64, 199, 29, 111, 252,
       255, 195, 3, 4, 0, 0, 64, 38, 26, 200, 120, 227, 205, 61, 167, 24,
       34, 0, 64, 4, 115, 207, 24, 194, 136, 1, 0, 64, 144, 231, 12, 254,
       255, 64, 110, 12, 0, 0, 12, 166, 235, 64, 4, 255, 31, 4, 140, 252,
       255, 255, 255, 255, 227, 3, 0, 128, 135, 15, 126, 240, 199, 255,
       254, 255, 255, 253, 243, 143, 195, 56, 12, 129, 1, 3, 70, 24, 35,
       112, 231, 59, 255, 255, 191, 255, 252, 3, 0, 128, 0, 18, 49, 48,
       102, 249, 251, 1, 0, 114, 243, 251, 28, 10, 0, 132, 0, 0, 0, 0,
       48, 249, 82, 0, 0, 0, 0, 236, 255, 127, 16, 0, 0, 224, 206, 127,
       255, 253, 239, 119, 159, 123, 0, 0, 159, 254, 127, 159, 15, 0, 0,
       56, 115, 204, 227, 31, 31, 244, 255, 255, 255, 119, 141, 33, 100,
       56, 231, 51, 14, 251, 255, 255, 191, 207, 15, 224, 253, 254, 244,
       159, 76, 4, 130, 96, 48, 177, 50, 176, 27, 211, 96, 96, 128, 0, 0,
       0, 0, 13, 111, 126, 193, 228, 143, 63, 254, 251, 239, 15, 195, 0,
       12, 128, 3, 0, 64, 0, 33, 28, 107, 46, 3, 0, 0, 0, 2, 252, 248,
       239, 19, 3, 49, 0, 230, 255, 56, 0, 128, 178, 63, 0, 0, 132, 207,
       103, 147, 201, 32, 0, 0, 128, 207, 180, 253, 255, 103, 0, 0, 0,
       97, 64, 198, 127, 255, 49, 69, 62, 253, 254, 251, 195, 33, 12, 96,
       16, 79, 225, 249, 59, 135, 25, 126, 127, 41, 0, 0, 184, 243, 255,
       19, 195, 24, 70, 216, 251, 255, 255, 239, 255, 18, 152, 125, 24,
       0, 0, 76, 70, 12, 146, 106, 32, 182, 255, 255, 255, 47, 180, 251,
       255, 255, 231, 195, 0, 0, 129, 198, 125, 255, 115, 207, 28, 240,
       232, 255, 255, 119, 12, 195, 0, 4, 0, 0, 17, 98, 0, 124, 252, 255,
       255, 207, 48, 130, 61, 255, 255, 63, 198, 0, 3, 16, 16, 177, 255,
       33, 0, 229, 242, 251, 109, 19, 200, 216, 38, 73, 100, 36, 16, 236,
       237, 223, 176, 255, 255, 231, 225, 192, 1, 0, 128, 128, 1, 238,
       112, 199, 191, 255, 254, 251, 197, 33, 12, 195, 0, 12, 128, 19, 0,
       0, 0, 2, 60, 231, 25, 111, 188, 251, 222, 17, 131, 24, 0, 0, 0, 0,
       0, 22, 0, 0, 193, 96, 112, 243, 251, 93, 110, 38, 209, 104, 96,
       48, 28, 46, 31, 48, 32, 121, 223, 7, 0, 128, 96, 126, 34, 84, 9,
       0, 0, 129, 21, 239, 126, 251, 235, 103, 14, 243, 160, 9, 50, 192,
       222, 125, 128, 0, 113, 255, 121, 231, 52, 227, 28, 57, 206, 0,
       135, 28, 235, 88, 166, 193, 253, 239, 54, 255, 255, 223, 39, 0,
       248, 255, 163, 0, 0, 128, 32, 240, 127, 73, 1, 34, 0, 8, 4, 4,
       127, 126, 124, 0, 128, 136, 111, 254, 65, 0, 0, 255, 251, 143, 22,
       0, 0, 64, 56, 30, 28, 8, 0, 0, 232, 243, 255, 159, 5, 0, 49, 254,
       254, 255, 227, 0, 0, 140, 192, 24, 134, 96, 48, 109, 242, 251,
       127, 179, 153, 209, 32, 203, 239, 55, 128, 99, 110, 76, 244, 127,
       71, 0, 0, 0, 0, 96, 0, 192, 13, 255, 124, 227, 140, 35, 14, 120,
       195, 33, 14, 241, 0, 15, 96, 1, 0, 64, 0, 35, 60, 115, 0, 1, 128,
       112, 254, 251, 231, 156, 247, 252, 251, 63, 32, 70, 103, 58, 9,
       68, 58, 61, 0, 72, 70, 124, 158, 109, 0, 128, 34, 233, 249, 59,
       255, 255, 239, 241, 120, 96, 128, 193, 195, 199, 31, 255, 240,
       247, 223, 31, 128, 64, 4, 57, 136, 227, 7, 0, 0, 240, 255, 255,
       251, 237, 17, 129, 152, 54, 15, 28, 230, 254, 255, 63, 254, 112,
       3, 24, 137, 241, 255, 15, 2, 243, 61, 0, 144, 174, 250, 255, 255,
       125, 126, 54, 26, 205, 132, 205, 180, 11, 223, 239, 231, 195, 4,
       0, 128, 128, 77, 239, 115, 72, 36, 232, 127, 255, 153, 227, 76,
       231, 54, 14, 0, 0, 19, 102, 24, 97, 252, 255, 106, 1, 240, 255,
       153, 1, 0, 0, 0, 27, 159, 113, 0, 225, 255, 11, 0, 237, 178, 189,
       238, 253, 79, 6, 0, 162, 145, 73, 96, 61, 0, 0, 180, 123, 223,
       227, 233, 0, 0, 0, 128, 128, 1, 239, 112, 195, 156, 239, 126, 233,
       160, 41, 12, 192, 0, 0, 128, 144, 31, 191, 120, 227, 12, 99, 8, 1,
       188, 251, 222, 1, 128, 88, 198, 0, 3, 153, 184, 249, 255, 30, 2,
       0, 128, 255, 191, 93, 239, 15, 0, 0, 233, 37, 27, 207, 239, 77,
       180, 0, 16, 4, 0, 16, 96, 112, 240, 226, 193, 7, 10, 56, 241, 239,
       127, 255, 249, 1, 0, 16, 132, 96, 0, 4, 24, 97, 0, 0, 8, 0, 62,
       255, 255, 255, 255, 255, 243, 28, 33, 204, 43, 18, 0, 129, 164, 1,
       128, 96, 208, 243, 251, 255, 255, 255, 255, 124, 102, 54, 223, 13,
       0, 128, 249, 255, 255, 247, 255, 239, 31, 0, 0, 0, 11, 254, 255,
       255, 254, 243, 143, 0, 60, 248, 239, 139, 57, 140, 130, 3, 0, 0,
       0, 34, 28, 227, 255, 255, 7, 0, 0, 0, 0, 64, 0, 3, 15, 33, 32, 6,
       226, 185, 24, 4, 50, 243, 121, 6, 1, 0, 0, 0, 129, 201, 126, 28,
       17, 18, 148, 126, 79, 0, 32, 88, 48, 17, 225, 194, 4, 239, 125,
       231, 156, 11, 4, 24, 242, 175, 63, 251, 209, 15, 249, 0, 32, 255,
       255, 255, 127, 191, 253, 212, 131, 4, 127, 255, 255, 191, 255,
       220, 243, 57, 17, 2, 56, 191, 223, 131, 128, 224, 31, 162, 248,
       253, 63, 1, 0, 69, 0, 32, 48, 0, 180, 249, 255, 103, 0, 0, 0, 64,
       225, 198, 13, 103, 113, 197, 29, 255, 255, 255, 195, 1, 12, 64, 0,
       2, 64, 128, 48, 227, 8, 33, 92, 231, 57, 239, 60, 179, 156, 51,
       135, 24, 230, 218, 215, 255, 136, 131, 169, 169, 1, 110, 16, 0, 0,
       220, 206, 255, 151, 8, 116, 255, 191, 207, 159, 63, 180, 121, 223,
       239, 35, 0, 0, 0, 128, 192, 5, 47, 112, 199, 29, 110, 56, 247,
       219, 39, 8, 225, 20, 47, 193, 3, 3, 2, 56, 227, 252, 127, 25, 237,
       29, 167, 56, 114, 142, 8, 4, 0, 128, 161, 57, 126, 75, 18, 219,
       239, 255, 223, 226, 191, 152, 216, 231, 105, 116, 255, 255, 15,
       135, 32, 128, 123, 223, 231, 227, 193, 1, 6, 0, 0, 0, 8, 32, 199,
       61, 255, 127, 251, 201, 33, 12, 195, 0, 0, 4, 243, 255, 63, 224,
       0, 0, 128, 57, 239, 188, 243, 158, 1, 2, 16, 132, 0, 1, 152, 187,
       249, 255, 119, 34, 24, 4, 227, 251, 93, 79, 7, 1, 0, 224, 253,
       191, 207, 134, 205, 180, 251, 255, 255, 227, 65, 0, 0, 128, 128,
       13, 239, 113, 207, 63, 255, 252, 255, 131, 33, 8, 193, 0, 12, 128,
       0, 19, 0, 0, 98, 60, 227, 27, 39, 20, 0, 0, 2, 142, 56, 196, 0, 3,
       17, 16, 228, 255, 126, 24, 197, 114, 123, 9, 192, 199, 205, 0,
       248, 245, 52, 27, 207, 207, 255, 48, 121, 223, 3, 224, 209, 99, 0,
       143, 158, 0, 0, 64, 0, 28, 239, 126, 249, 65, 0, 0, 0, 0, 100,
       151, 126, 13, 16, 0, 128, 122, 111, 57, 101, 28, 115, 222, 187,
       207, 28, 247, 228, 49, 15, 211, 252, 207, 112, 255, 255, 223, 231,
       224, 255, 207, 68, 16, 0, 0, 196, 251, 63, 128, 239, 255, 133,
       224, 126, 247, 255, 127, 0, 0, 129, 239, 254, 255, 255, 103, 16,
       129, 7, 23, 144, 128, 132, 62, 252, 128, 15, 3, 0, 0, 0, 12, 96,
       134, 191, 255, 190, 177, 4, 2, 0, 0, 0, 8, 227, 48, 110, 195, 0,
       144, 36, 0, 48, 217, 252, 63, 23, 1, 64, 96, 17, 108, 58, 255, 50,
       0, 251, 255, 207, 1, 128, 65, 36, 238, 8, 0, 128, 64, 199, 29,
       110, 124, 243, 195, 7, 4, 32, 0, 0, 36, 24, 152, 120, 226, 223,
       63, 167, 24, 32, 0, 0, 0, 115, 206, 56, 194, 136, 3, 8, 128, 128,
       237, 1, 158, 255, 65, 72, 30, 0, 0, 8, 38, 251, 1, 0, 211, 63, 0,
       0 ]
