===>>>../images/KITTI/2011_09_26/image_00/data/0000000000.png
Detected 1438 keypoints and 138 of them are on the preciding vehicle
Neighborbood Sizes:
1	2	2	2	2	2	2	2	2	2	2	2	4	4	2	3	3	6	2	2	11	3	4	2	3	3	7	3	2	2	1	2	1	1	3	2	3	2	9	2	1	5	2	2	2	4	2	2	1	1	1	3	3	5	8	1	1	3	2	2	2	2	2	1	2	1	1	3	2	4	2	9	2	3	1	1	1	20	1	2	5	4	4	2	3	5	7	4	6	1	2	2	8	4	4	1	4	9	2	2	2	3	3	3	4	5	6	1	1	2	3	5	2	2	1	2	9	1	3	2	3	3	2	40	40	4	6	10	2	2	1	3	6	5	2	5	1	2	8	2	3	13	3	5	2	3	3	2	2	4	1	5	4	3	2	2	2	14	2	4	10	2	3	3	6	4	1	2	2	11	1	3	1	3	6	2	8	7	2	2	2	4	3	24	2	3	1	2	3	2	25	25	15	1	2	16	3	3	2	3	3	2	4	11	2	4	2	8	4	2	2	2	4	2	6	2	3	10	1	1	1	1	1	3	3	3	3	2	5	2	4	15	15	3	13	1	1	2	2	7	2	5	2	2	2	2	2	3	1	2	2	1	9	6	1	1	5	10	2	63	4	4	2	2	3	3	2	10	3	13	13	3	1	3	2	3	3	2	1	6	2	2	1	2	2	2	2	2	2	3	3	1	9	3	3	2	3	2	6	21	1	2	1	2	6	3	4	3	5	5	2	7	3	5	11	2	1	1	1	1	1	17	2	2	2	28	2	18	6	6	2	2	1	2	2	3	3	2	12	3	3	2	4	10	2	7	3	5	2	6	6	7	4	1	2	4	6	2	3	3	1	2	2	2	2	3	2	5	7	7	2	1	1	1	1	2	1	3	3	14	10	10	2	1	1	2	2	2	2	2	2	4	2	14	14	5	9	2	6	3	3	1	2	2	2	2	2	2	2	10	2	2	5	6	6	6	8	8	2	2	5	3	2	21	21	12	25	14	1	11	3	2	2	1	2	1	3	1	3	2	1	2	2	2	3	6	3	2	3	2	2	6	2	2	2	3	5	1	2	3	3	2	2	12	3	3	3	4	7	7	1	2	2	7	1	6	6	4	4	15	2	2	45	1	2	2	3	3	3	1	6	2	2	2	2	2	2	2	2	2	4	2	2	3	20	20	2	2	8	8	5	3	2	3	2	2	5	5	16	3	3	3	3	2	2	7	7	3	1	1	16	3	2	2	7	14	8	8	2	2	1	3	4	1	1	1	3	2	6	6	6	4	2	6	3	5	5	2	4	3	2	2	2	2	2	2	4	8	6	30	2	7	1	2	3	3	3	4	3	1	3	23	2	1	9	7	7	4	4	2	3	3	2	2	2	3	2	2	6	2	2	2	3	2	44	2	5	6	2	8	2	2	17	17	1	17	2	2	2	1	2	3	2	3	3	2	5	2	20	3	3	3	2	7	3	3	1	1	11	2	2	3	3	2	19	19	2	2	5	12	4	4	1	1	1	4	6	3	3	6	2	1	9	4	3	3	4	6	2	2	11	2	2	5	2	1	6	14	3	3	3	1	2	3	2	2	1	1	2	2	7	2	4	6	2	2	2	2	2	1	2	1	4	2	2	2	6	12	2	5	14	2	1	1	3	2	2	2	2	5	5	3	3	21	2	4	6	1	2	2	5	2	12	2	4	4	1	6	53	5	2	1	1	2	2	3	2	2	8	3	3	2	2	2	13	4	6	3	2	2	6	2	2	2	10	2	2	2	2	20	20	6	1	2	18	4	13	13	3	3	10	2	3	2	2	26	26	2	2	54	2	2	2	2	4	10	3	1	2	11	76	1	2	2	2	3	1	2	2	2	3	5	5	5	2	1	2	1	1	1	22	2	20	2	4	4	4	4	4	2	2	2	4	2	2	3	2	4	3	1	18	18	2	3	3	2	1	4	3	3	2	3	4	3	2	2	2	2	10	2	2	2	3	3	1	4	5	4	6	2	1	2	1	1	2	1	1	1	1	8	3	2	2	2	2	2	4	4	1	1	4	2	1	1	2	12	12	10	2	10	2	2	2	2	3	2	1	24	2	2	1	1	5	5	2	3	2	6	10	5	6	2	6	3	3	9	10	10	4	3	3	1	1	2	2	3	2	2	1	3	2	10	8	2	2	3	2	1	18	33	4	4	2	2	1	3	4	3	2	2	20	20	2	4	4	1	1	2	13	13	2	2	2	2	2	1	4	4	2	2	2	1	1	2	4	2	2	2	10	2	2	1	1	2	3	2	3	5	2	2	2	2	4	2	13	1	1	2	2	4	9	2	3	2	1	3	2	8	3	3	1	2	2	2	1	1	2	4	3	1	1	2	63	63	9	9	12	12	2	2	2	5	2	4	9	3	2	2	1	6	4	3	3	2	2	3	6	2	2	5	2	3	2	7	4	4	4	2	2	7	5	5	2	2	2	2	4	2	4	6	5	5	10	3	17	7	7	27	5	3	3	6	7	7	7	5	4	3	3	2	21	4	5	5	5	10	2	2	5	2	5	2	2	3	6	3	6	1	3	3	3	2	5	5	2	2	6	2	3	3	2	3	4	43	2	3	8	9	4	2	2	3	3	6	6	5	6	46	2	2	10	3	2	4	1	1	2	2	2	3	3	1	4	4	6	3	3	8	8	1	5	2	2	2	2	2	3	3	3	5	2	2	2	8	2	4	5	22	1	1	2	12	7	3	126	3	1	5	5	3	3	10	2	2	3	20	2	2	2	2	2	2	10	13	3	2	1	3	4	2	6	2	2	4	1	1	2	14	3	9	13	1	2	1	12	2	6	6	3	2	2	11	1	26	2	2	5	7	9	2	1	1	2	1	2	2	2	23	2	3	3	2	1	2	3	6	12	12	11	11	4	50	2	2	17	17	15	10	2	2	5	5	2	2	2	2	2	3	2	3	2	2	5	5	5	9	9	3	20	20	
===>>>../images/KITTI/2011_09_26/image_00/data/0000000001.png
Detected 1371 keypoints and 132 of them are on the preciding vehicle
Neighborbood Sizes:
2	2	2	2	3	3	3	2	2	4	3	3	3	2	2	3	3	1	2	2	2	3	2	2	4	4	2	2	9	2	2	5	2	2	3	2	5	2	2	2	3	2	3	5	1	2	2	1	1	8	9	1	2	2	2	2	2	2	2	1	1	5	3	1	1	10	2	5	2	2	3	3	4	4	1	1	2	2	2	7	17	1	5	6	4	3	1	2	4	9	3	3	3	2	2	6	3	4	5	7	4	4	7	2	2	10	2	4	3	2	3	3	2	2	2	8	2	1	1	7	5	27	2	2	1	1	4	8	1	2	4	8	2	3	5	4	2	2	2	3	4	3	3	3	3	1	1	3	2	3	4	4	1	11	2	3	3	1	2	8	3	2	4	3	3	1	1	3	1	2	2	2	25	25	2	2	2	6	3	3	2	11	2	2	2	2	2	3	2	1	2	2	2	2	3	3	2	2	4	2	3	3	14	5	2	2	3	2	1	10	2	1	2	12	6	2	2	2	3	3	3	3	1	3	5	3	2	65	12	12	3	3	2	2	2	2	2	6	2	3	3	3	2	5	3	1	1	1	3	3	4	23	2	2	5	2	9	3	2	2	7	5	5	5	3	2	2	6	1	12	18	18	2	30	19	2	6	2	4	2	2	2	2	10	8	2	2	1	1	37	3	4	4	1	2	11	2	2	2	2	3	3	2	2	8	8	8	2	20	20	1	2	2	2	2	11	1	2	2	1	2	2	2	4	3	3	5	2	2	15	1	2	4	5	1	2	2	3	2	1	4	1	3	4	2	3	3	2	6	2	8	2	2	6	3	3	5	2	2	2	11	5	10	2	2	25	2	2	2	3	3	2	2	5	11	2	1	3	1	2	3	5	2	3	3	2	2	2	4	4	2	2	3	3	2	12	2	2	4	2	2	7	1	3	3	2	2	4	3	3	1	2	2	2	3	4	4	2	3	6	1	1	47	2	4	2	2	1	1	4	2	3	2	2	2	4	2	2	2	2	1	2	2	4	2	2	4	17	2	20	20	4	2	4	3	6	6	8	8	3	3	8	8	17	2	1	2	3	3	3	15	8	2	2	2	3	3	6	3	3	4	1	2	8	8	7	3	1	2	5	3	2	3	6	2	2	2	2	5	2	2	2	2	3	2	8	5	2	5	4	4	2	30	3	103	3	24	5	4	2	2	3	9	1	8	4	2	3	3	3	2	2	2	2	3	1	2	2	2	3	2	2	4	4	1	1	1	2	2	7	4	2	5	18	18	18	2	2	3	3	2	2	3	3	19	3	3	2	3	3	3	3	3	3	9	4	2	1	1	1	1	4	2	20	20	5	1	17	2	12	1	1	4	1	2	7	7	5	9	10	3	2	2	9	2	6	3	3	4	3	3	7	4	3	2	6	4	7	1	1	15	4	6	2	2	5	1	3	1	2	2	2	3	3	3	2	1	3	2	2	2	8	2	2	1	4	2	2	1	2	2	6	2	2	7	7	12	1	11	5	2	3	2	14	2	6	4	1	5	2	3	3	4	2	21	2	5	3	3	6	6	12	2	2	2	4	4	2	2	5	5	11	2	2	2	2	2	3	2	2	3	2	2	1	1	1	1	8	2	2	13	4	2	3	2	2	2	6	10	2	2	1	1	20	6	4	1	1	6	2	18	4	13	13	2	3	3	2	1	3	5	5	3	2	2	1	2	26	26	2	53	1	1	2	2	1	2	2	10	4	1	2	11	2	2	3	2	2	3	5	21	2	10	2	3	2	1	1	2	1	2	20	4	4	4	4	2	2	1	1	4	2	2	4	6	3	2	2	1	3	2	3	3	2	17	17	8	18	18	2	3	3	2	1	1	1	2	4	1	3	3	2	3	3	3	2	2	2	4	2	2	2	2	2	5	5	4	2	2	1	2	1	1	4	2	2	1	1	8	3	2	2	2	2	4	4	1	1	4	2	2	12	10	3	2	2	1	2	24	1	2	5	5	3	3	1	10	6	4	8	2	2	1	6	3	3	4	2	4	11	2	3	3	2	2	2	3	3	2	3	3	10	2	8	2	3	2	1	1	2	1	3	1	4	3	2	2	20	20	6	2	2	2	13	13	2	4	1	5	5	2	2	6	1	10	2	1	2	1	1	2	5	3	2	2	3	2	2	2	5	2	4	3	3	2	3	13	2	10	2	2	3	2	2	2	2	2	2	2	1	9	2	1	2	2	11	11	2	3	3	59	1	1	2	3	4	2	2	4	2	2	9	2	2	2	9	9	3	9	2	1	2	4	2	13	6	4	1	4	2	3	3	2	2	2	6	2	6	2	4	3	5	3	3	8	2	4	7	7	4	7	7	4	4	5	5	5	5	2	7	7	17	3	1	4	5	21	21	5	6	1	1	3	3	5	3	6	8	3	4	4	2	3	20	5	5	10	2	6	2	2	2	2	4	12	6	13	3	6	3	3	2	3	2	2	2	2	5	6	6	4	4	2	2	2	3	3	7	4	4	10	4	1	3	6	10	2	6	2	3	2	4	49	5	6	6	3	3	2	2	3	3	3	3	1	1	2	4	4	2	6	3	2	2	12	3	3	3	4	2	4	16	16	4	4	2	11	7	1	4	123	1	3	6	6	5	5	3	58	6	2	7	2	2	2	27	2	7	8	5	3	3	4	2	4	1	1	6	2	1	3	8	3	4	2	10	7	7	28	2	33	4	10	1	2	3	3	2	2	3	4	2	3	6	2	2	11	11	6	48	2	2	2	26	1	1	2	8	2	2	2	2	4	2	2	1	2	4	1	2	2	2	2	9	9	3	23	2	4	
===>>>../images/KITTI/2011_09_26/image_00/data/0000000002.png
Detected 1380 keypoints and 124 of them are on the preciding vehicle
Neighborbood Sizes:
2	2	4	3	4	1	2	2	2	1	4	3	3	2	2	8	2	4	2	2	4	4	2	2	2	1	3	3	7	2	3	4	2	2	1	9	6	2	1	2	2	2	1	1	10	1	2	5	8	4	4	2	1	2	7	2	5	9	2	6	2	8	2	2	4	3	2	2	2	2	2	2	4	5	5	2	4	4	3	2	2	2	1	1	10	2	2	3	1	2	5	1	1	1	1	5	5	2	1	8	2	2	3	4	2	2	2	2	5	2	1	3	3	1	3	3	12	3	3	1	8	2	2	4	3	3	3	3	2	2	2	1	2	2	25	25	2	2	1	3	21	2	2	3	3	11	2	2	2	3	2	2	2	1	3	3	1	1	2	2	1	1	2	2	4	4	1	2	2	2	7	3	2	9	2	1	3	12	2	2	3	4	3	4	4	6	3	3	2	12	3	1	2	2	2	13	12	12	2	2	3	5	4	4	4	65	3	1	1	2	3	2	3	2	3	2	5	5	2	2	24	5	3	5	3	2	6	6	4	3	5	1	2	2	6	13	10	10	3	3	19	19	19	32	32	1	21	2	7	6	12	1	4	16	2	2	3	9	9	2	2	16	7	2	4	4	2	7	3	1	2	2	2	3	8	8	8	4	20	20	1	2	2	2	2	2	2	1	1	12	2	2	2	2	3	4	2	16	11	2	2	2	2	2	2	2	2	3	2	2	4	2	3	4	5	6	5	1	3	8	4	2	2	3	3	3	1	10	14	2	3	3	6	1	3	3	1	2	10	5	7	3	4	2	5	2	25	3	6	2	3	3	2	2	10	2	5	2	2	3	4	3	3	3	2	7	6	2	2	2	4	2	2	7	1	2	5	2	2	2	1	2	2	1	1	1	4	2	5	2	3	2	2	5	2	2	1	5	5	14	14	2	2	2	49	2	4	2	2	2	2	2	3	3	2	2	2	2	3	5	4	2	2	2	2	17	4	4	4	3	4	4	2	2	3	3	8	21	21	6	18	6	8	8	15	2	2	2	6	1	3	3	3	3	3	4	3	4	4	3	3	3	4	2	3	4	7	2	2	5	3	7	7	6	3	2	3	3	2	2	2	2	1	2	6	2	3	2	8	5	2	4	2	7	6	2	2	2	4	2	105	2	4	1	3	3	2	31	25	3	4	2	3	4	2	2	2	4	9	2	8	3	3	2	2	3	2	3	3	2	4	3	3	47	2	2	2	2	4	4	5	5	2	18	5	3	8	3	3	3	2	1	19	19	2	2	2	2	20	1	2	3	3	2	4	3	10	1	2	3	3	3	3	2	4	2	5	1	3	1	2	3	5	1	20	20	15	7	4	4	1	13	2	5	5	2	2	3	3	9	11	11	2	2	9	5	3	3	2	5	7	6	5	4	7	3	3	3	15	3	1	2	2	3	6	3	1	1	2	3	4	4	1	1	3	3	4	2	2	1	2	8	1	3	2	2	2	2	2	2	2	2	4	4	2	2	8	7	7	7	1	12	2	3	3	2	2	5	1	5	2	6	3	3	2	4	3	2	2	22	3	12	8	4	1	2	2	2	5	4	1	4	3	2	2	10	2	3	1	2	1	3	2	2	2	9	3	4	2	6	1	15	4	3	10	2	6	17	17	2	7	2	4	4	8	2	2	6	2	1	2	13	1	3	3	3	3	2	2	10	2	2	2	3	5	2	2	2	2	1	1	4	26	26	2	1	1	2	2	1	4	11	2	2	11	5	2	2	2	5	5	3	2	21	2	4	5	5	2	10	2	1	1	2	1	20	20	2	4	3	4	2	2	2	4	1	2	5	2	2	3	3	2	2	3	3	3	2	1	2	2	17	17	8	2	3	3	2	2	5	5	1	4	2	2	2	4	4	3	2	5	2	4	2	3	2	2	1	1	1	2	3	5	5	2	4	3	2	2	2	1	2	1	1	2	3	1	2	23	3	3	2	2	2	2	5	5	2	2	1	2	11	4	2	10	10	2	2	2	2	1	2	2	2	24	2	3	2	5	3	10	2	2	8	1	1	6	2	2	6	3	3	2	6	2	4	8	1	4	2	1	2	1	3	2	2	2	3	3	10	8	2	2	3	3	1	2	2	2	2	4	2	19	2	3	4	3	2	20	20	2	3	4	2	2	4	2	1	2	2	2	10	2	4	3	3	2	2	2	1	2	2	2	1	1	1	3	6	2	5	4	13	3	3	10	3	2	2	2	2	2	2	2	2	2	6	2	4	11	2	17	2	4	2	9	9	2	2	2	1	3	3	2	4	4	2	2	9	1	2	15	9	9	2	5	2	2	2	2	2	6	13	2	1	5	1	6	3	3	2	4	2	2	3	2	4	2	3	5	6	3	2	5	4	4	7	7	26	2	4	5	5	22	22	2	6	6	7	4	4	2	2	2	1	3	2	5	5	9	9	1	1	2	2	1	2	3	2	6	5	2	11	5	5	1	3	3	3	4	4	5	1	3	3	16	5	5	4	3	3	3	2	2	1	3	3	1	5	5	2	2	3	4	5	8	8	2	11	5	2	5	12	5	3	49	3	3	9	4	2	2	2	2	1	1	1	2	6	6	4	4	4	2	3	1	3	3	2	2	2	2	5	2	2	2	3	2	3	2	2	2	4	8	10	2	13	3	2	16	2	10	5	2	7	3	1	5	4	4	3	11	2	2	8	8	26	5	2	2	8	3	3	3	12	21	1	1	12	4	2	1	2	3	8	2	3	4	2	6	2	3	2	2	2	7	9	2	7	7	20	3	2	2	2	10	2	3	3	2	2	12	12	6	9	2	6	45	4	2	2	1	1	2	2	4	5	8	8	2	3	19	2	3	8	8	6	
===>>>../images/KITTI/2011_09_26/image_00/data/0000000003.png
Detected 1335 keypoints and 137 of them are on the preciding vehicle
Neighborbood Sizes:
2	2	2	2	2	8	2	2	2	2	3	3	2	2	2	1	3	1	1	1	9	2	1	2	2	2	3	1	2	2	10	4	2	1	7	7	2	2	6	1	2	6	2	2	5	5	2	2	3	2	3	2	2	2	2	1	1	1	7	4	5	2	2	3	2	2	9	2	2	3	2	2	2	1	5	1	1	6	6	6	1	2	21	2	1	7	1	2	1	3	4	2	2	2	2	2	2	3	5	5	3	2	3	3	3	2	13	2	2	2	2	2	3	3	1	7	2	2	4	4	3	3	3	7	3	1	2	2	2	3	25	3	2	21	21	3	3	4	1	11	2	2	2	2	2	2	2	2	2	2	3	9	4	4	1	2	1	1	2	3	3	3	3	1	1	2	2	8	4	2	1	1	3	3	1	14	5	12	12	2	2	5	4	4	2	3	3	2	2	2	12	1	15	15	3	2	1	6	7	2	2	2	5	3	3	3	14	1	1	3	3	3	1	1	65	2	5	4	2	6	5	1	2	23	5	3	5	3	5	6	3	4	2	2	2	5	14	6	8	20	20	1	3	3	34	34	7	5	2	2	5	10	10	4	4	3	3	2	2	2	2	10	17	2	1	12	2	4	3	8	8	2	3	3	2	2	2	9	2	2	2	2	1	2	1	1	1	12	2	2	1	3	3	2	2	2	2	6	2	3	2	2	2	11	4	2	2	8	6	4	4	2	1	2	3	2	1	2	2	2	2	2	2	4	4	3	3	8	14	2	1	3	6	3	3	11	2	23	5	1	5	8	8	2	4	2	2	2	2	2	23	4	4	2	2	2	2	3	3	6	2	17	2	7	2	3	2	2	2	1	2	5	2	2	2	2	3	1	1	2	5	1	2	2	4	4	2	1	2	4	2	3	2	2	2	2	2	2	2	4	3	1	2	2	51	4	2	4	14	14	4	4	2	3	3	17	1	2	2	4	1	2	1	4	4	2	4	3	2	6	8	2	6	3	3	2	19	2	2	16	8	2	2	1	6	4	2	4	2	7	7	2	4	3	8	3	3	4	2	5	4	6	2	5	5	1	4	4	2	2	3	3	1	8	2	1	1	2	3	2	2	9	2	8	2	4	5	6	2	2	110	2	4	26	11	3	3	31	3	2	5	4	5	2	2	2	4	4	8	8	4	2	2	3	2	2	2	49	3	3	3	3	3	1	2	7	3	1	3	3	38	2	19	5	6	2	3	3	2	2	2	2	23	2	2	2	24	3	3	2	3	3	2	5	4	2	2	2	3	2	2	1	2	6	3	2	2	7	2	2	2	1	1	14	12	1	1	9	2	3	3	3	2	3	5	1	1	9	1	7	6	4	2	7	7	16	2	2	1	3	6	1	3	5	4	2	3	3	4	8	1	2	1	1	2	2	2	2	2	4	2	2	4	1	8	8	1	2	2	3	13	2	2	2	1	6	3	1	6	5	5	3	3	3	1	5	2	3	2	2	1	6	2	13	2	2	4	5	3	2	2	8	10	2	3	2	2	1	3	4	4	2	9	1	1	4	15	6	2	2	3	1	6	6	2	4	10	1	6	1	2	1	3	3	5	3	2	5	5	2	2	5	2	2	2	1	2	25	25	2	2	52	1	2	2	2	1	11	4	12	3	2	3	2	2	2	2	2	5	2	2	6	9	2	2	1	2	1	21	21	2	3	4	2	2	5	2	3	2	2	4	3	4	2	2	2	1	2	3	4	4	2	2	1	17	17	8	2	3	1	2	1	1	2	5	5	2	1	1	3	3	1	2	4	3	2	1	2	3	3	2	1	2	3	2	4	2	2	4	1	2	3	5	5	5	2	2	2	1	2	3	2	2	2	2	1	2	2	23	2	4	4	1	2	2	1	3	2	11	2	2	8	8	8	12	2	2	2	1	2	2	2	2	3	2	24	3	2	2	1	5	4	5	5	6	2	1	2	2	2	1	3	4	2	2	2	10	2	2	2	2	3	2	2	2	10	8	2	2	3	2	2	2	3	19	4	3	7	2	20	4	2	2	3	3	2	2	2	13	4	2	1	2	3	1	4	10	2	2	3	6	1	2	4	4	2	2	2	5	1	3	2	5	4	12	11	2	1	1	2	2	3	2	2	4	2	16	4	54	54	2	2	2	4	2	1	1	3	2	16	1	3	9	2	4	4	1	9	6	4	5	2	2	2	2	2	2	2	2	2	3	3	3	4	3	3	4	2	6	10	2	5	5	2	7	7	2	1	5	20	20	25	2	2	6	6	7	7	4	4	4	2	4	4	2	2	2	2	2	2	1	1	2	4	1	1	2	10	5	5	4	2	6	2	1	5	2	2	2	3	3	3	16	5	5	5	5	3	8	1	2	2	6	6	2	6	4	2	3	2	1	5	2	3	48	7	7	3	1	6	2	13	13	1	2	1	3	4	3	2	2	5	3	3	1	1	2	1	5	3	3	3	3	5	3	4	1	1	5	2	10	6	6	2	10	2	13	17	1	3	7	7	10	29	3	2	4	4	2	3	3	1	18	2	4	2	2	8	8	2	25	1	2	2	2	11	12	3	1	2	2	2	2	4	2	13	14	3	4	4	4	4	3	4	2	5	2	1	4	2	2	6	6	2	7	6	32	1	2	3	2	4	2	41	3	10	10	6	2	2	11	9	19	2	1	3	5	4	20	20	7	2	2	2	16	1	15	15	8	8	6	6	5	5	3	3	3	3	
===>>>../images/KITTI/2011_09_26/image_00/data/0000000004.png
Detected 1305 keypoints and 134 of them are on the preciding vehicle
Neighborbood Sizes:
2	2	2	2	2	2	2	5	2	1	7	2	2	2	3	4	2	9	1	2	1	2	2	2	2	2	2	3	4	3	3	10	2	1	2	2	1	5	2	6	6	2	2	2	5	4	2	2	1	3	3	2	2	1	1	1	2	2	5	7	4	1	12	12	2	2	9	2	2	2	3	2	1	6	2	20	11	2	1	8	1	2	3	2	2	2	2	2	2	2	3	3	2	2	3	1	3	3	2	2	1	2	1	3	3	1	7	2	3	2	1	3	1	3	3	3	3	2	2	2	1	2	25	25	2	3	5	2	3	3	2	2	11	1	1	2	2	3	2	2	11	2	2	1	2	2	2	4	4	12	1	2	3	2	2	3	4	1	1	6	3	3	4	2	2	2	2	3	2	1	16	2	1	8	2	3	6	3	2	3	2	4	2	6	5	6	2	1	1	6	7	22	66	6	6	6	5	5	1	2	14	8	8	4	5	2	4	4	2	2	9	1	24	2	2	2	2	7	2	35	6	4	2	3	2	3	2	2	11	11	2	1	1	2	4	4	4	2	11	3	3	11	11	3	3	3	3	5	23	23	9	9	2	2	2	2	2	2	13	13	13	2	10	1	3	16	12	3	3	2	19	2	1	2	2	2	7	4	7	2	2	2	3	3	3	3	2	6	6	2	2	3	11	2	3	3	1	4	2	2	4	2	2	5	3	3	4	5	3	2	4	3	2	2	3	6	2	24	6	2	3	3	2	5	6	2	5	5	4	4	2	2	2	3	3	2	4	4	2	2	23	3	4	2	3	3	1	1	2	2	1	5	2	2	3	2	2	2	2	2	3	3	2	3	2	1	2	2	3	2	2	2	1	1	4	4	2	3	52	2	2	4	5	5	5	14	3	3	5	5	1	2	2	4	3	1	2	2	2	5	2	16	2	20	2	6	7	4	4	3	3	2	1	4	8	21	5	4	4	4	2	2	6	3	3	2	1	3	3	1	2	4	2	2	2	1	2	2	8	8	2	2	9	10	1	1	2	8	1	2	3	2	113	5	3	27	2	2	4	4	1	2	4	3	3	1	1	1	4	2	3	4	8	2	6	6	2	2	51	3	2	3	3	3	3	2	2	2	19	6	2	2	1	3	5	3	2	3	3	8	2	2	3	3	1	3	21	2	1	1	6	1	24	3	1	2	2	3	9	3	3	19	2	2	2	7	2	2	5	2	7	1	1	1	4	1	1	2	5	10	2	11	11	2	2	13	1	1	2	3	3	1	6	2	2	7	2	8	8	5	1	6	3	2	8	8	8	16	4	2	4	3	2	2	2	1	3	6	4	3	2	1	1	4	2	8	1	3	3	4	2	2	2	2	3	1	3	3	2	2	5	2	2	2	2	1	8	8	4	4	2	3	2	7	6	13	2	5	6	6	3	6	3	3	2	2	2	3	23	6	13	2	1	4	3	3	1	2	2	2	3	2	10	2	2	2	2	3	2	2	10	3	1	5	1	3	6	16	2	3	2	2	11	3	2	2	2	7	2	2	1	2	7	2	3	6	14	14	3	2	2	5	5	2	3	1	6	2	2	2	1	2	3	2	25	25	52	2	2	2	2	2	2	11	1	4	2	12	5	2	2	3	2	2	2	2	2	2	2	5	6	2	10	1	4	21	21	2	4	4	2	3	1	4	2	4	3	4	2	4	2	2	1	3	2	3	3	3	3	2	1	2	4	17	17	9	2	2	2	3	3	2	1	1	1	2	2	4	4	4	2	3	3	4	2	2	4	4	2	3	3	1	3	6	1	2	3	4	4	4	4	8	2	2	1	2	3	2	5	5	4	2	2	3	1	1	1	2	2	2	1	2	23	2	4	1	4	4	4	2	2	1	1	2	1	1	2	11	2	7	7	12	1	2	2	2	2	1	1	2	2	2	24	2	3	3	3	8	6	2	5	2	2	6	2	2	3	1	2	3	3	3	3	6	2	2	2	2	2	3	2	2	1	3	9	8	1	2	2	3	2	2	2	5	2	2	19	1	1	2	20	3	2	2	2	2	2	3	13	13	4	10	2	2	4	2	2	3	1	3	5	2	10	5	2	2	2	3	5	12	4	1	2	2	3	15	3	3	50	50	3	3	4	2	2	11	9	1	2	9	2	1	4	2	2	6	2	2	3	8	3	1	2	1	9	2	2	2	3	5	3	2	2	2	2	4	26	8	3	2	2	3	3	8	6	4	2	22	4	25	7	3	2	6	30	30	2	2	2	1	2	2	2	2	2	2	2	8	2	4	4	2	5	2	6	10	6	3	2	2	3	2	1	4	2	3	3	4	4	3	1	16	2	2	2	3	4	6	4	7	4	2	2	2	2	5	2	2	2	2	2	12	12	2	3	2	2	5	2	3	3	2	1	1	1	2	5	4	3	3	2	10	3	3	3	4	4	4	2	5	2	2	2	1	12	2	1	6	2	4	3	5	3	38	3	1	1	2	112	4	4	4	3	3	3	19	2	2	2	2	2	2	1	7	5	2	26	11	2	4	2	2	2	10	2	4	4	2	2	5	2	2	2	3	5	4	5	2	8	6	6	11	2	6	8	5	31	2	1	6	4	2	5	4	4	2	2	8	8	2	1	2	5	4	1	4	3	17	17	2	3	15	3	6	9	6	4	4	3	3	7	
===>>>../images/KITTI/2011_09_26/image_00/data/0000000005.png
Detected 1370 keypoints and 140 of them are on the preciding vehicle
Neighborbood Sizes:
2	2	2	5	2	6	2	3	1	9	4	9	2	2	2	2	2	2	2	10	2	2	1	2	2	3	6	1	2	6	5	4	4	2	2	2	4	2	1	2	2	3	2	2	2	2	11	11	2	2	2	2	5	3	7	6	6	1	2	2	9	1	1	2	2	3	2	2	1	2	1	1	6	2	10	19	2	2	2	1	8	2	4	1	3	2	1	1	1	2	2	2	2	1	2	5	2	2	2	3	3	2	3	3	3	2	2	4	1	3	3	3	1	7	2	2	1	3	1	3	3	2	2	2	2	1	25	25	2	2	3	10	3	22	22	2	3	3	3	12	3	3	2	2	2	4	4	13	1	2	2	1	2	3	2	2	1	4	2	1	3	6	2	2	2	1	3	16	16	2	4	4	15	15	1	1	3	3	7	7	2	4	2	4	2	6	2	2	6	4	1	6	3	5	23	22	6	2	6	6	15	2	2	67	7	4	9	26	4	6	7	4	3	4	4	2	2	6	2	19	12	2	2	2	2	2	4	5	3	3	3	2	24	2	6	9	2	4	2	3	2	3	2	3	20	2	2	2	4	4	4	3	3	2	2	2	3	3	12	13	2	4	13	2	2	10	2	2	2	1	6	6	7	4	2	2	2	3	3	1	8	2	9	10	1	7	4	2	2	2	2	13	1	5	2	2	2	3	2	2	4	25	2	3	3	3	3	2	3	3	2	2	2	4	4	1	1	4	4	5	2	2	2	3	2	6	6	2	4	2	3	3	2	2	23	5	1	2	2	2	2	8	3	3	4	2	4	2	2	2	2	12	2	3	2	3	2	1	2	2	2	1	5	3	1	2	2	5	2	2	2	5	5	2	2	2	4	5	2	2	9	15	3	3	2	2	2	4	2	4	4	17	2	3	2	2	1	4	1	1	1	2	4	4	5	3	2	2	2	1	9	4	6	2	4	3	3	7	6	1	2	2	3	4	21	21	3	3	3	3	2	2	4	4	2	2	2	2	1	2	1	9	1	2	2	2	2	1	12	2	8	9	2	9	1	1	2	2	4	2	3	2	5	4	4	4	2	1	5	2	2	3	1	1	2	32	1	2	4	2	2	5	2	2	4	1	53	2	2	3	3	4	4	38	3	3	4	19	3	2	2	2	3	3	4	2	3	3	4	4	4	2	2	6	1	3	3	8	3	3	2	3	3	2	6	2	1	2	1	2	4	1	25	3	3	2	2	1	8	8	2	6	1	2	3	3	2	7	1	2	2	3	1	1	4	5	1	1	1	10	3	3	12	2	2	3	3	13	1	1	2	8	2	1	3	6	2	5	2	2	2	16	2	3	3	3	2	4	2	8	8	2	2	2	5	3	1	1	2	1	1	2	4	4	5	2	2	3	3	2	2	2	2	8	2	1	1	2	1	2	6	1	2	12	1	3	3	3	6	2	6	13	7	23	4	1	3	1	4	5	2	3	1	1	2	1	6	1	9	4	2	2	2	2	2	2	4	4	2	2	4	4	10	2	3	5	6	2	13	16	3	3	4	2	2	11	2	2	2	2	6	1	1	11	2	5	2	2	1	5	2	2	7	2	2	6	1	2	2	2	2	2	3	3	2	25	25	2	52	2	2	2	1	2	3	2	2	2	11	4	1	1	2	12	12	5	3	2	2	2	2	5	10	3	1	2	22	22	2	1	2	2	4	4	4	2	1	2	2	1	4	4	3	2	4	4	2	2	2	3	3	3	3	2	2	2	9	2	3	3	2	2	2	4	4	4	2	2	2	5	2	2	1	2	4	2	3	1	3	3	3	6	1	2	2	2	2	3	9	4	4	8	2	2	2	3	3	2	5	5	4	2	2	2	3	1	2	2	2	24	2	2	2	5	5	4	4	4	6	2	1	2	2	1	1	2	11	2	6	6	6	10	13	6	2	2	2	24	2	10	6	2	2	2	6	5	6	2	2	2	2	3	3	2	2	1	1	1	1	7	2	3	1	1	2	2	2	2	3	2	10	8	2	2	3	3	2	4	4	4	2	2	4	2	3	2	2	2	2	2	1	2	2	3	3	3	20	2	2	1	3	3	2	3	3	2	10	3	1	2	2	13	2	5	2	2	3	4	1	9	2	2	2	2	6	2	4	2	4	2	12	5	4	2	47	47	47	2	2	13	1	2	1	2	2	3	3	12	2	2	1	2	4	5	3	10	1	1	3	9	9	4	42	2	5	3	4	1	1	3	3	8	8	2	2	5	2	2	2	3	4	17	4	3	3	2	6	8	8	6	24	6	4	4	31	31	5	2	2	3	2	2	1	1	3	3	4	5	4	2	9	2	4	4	2	5	2	10	4	4	1	5	5	5	3	3	3	3	1	3	3	3	3	5	2	2	1	2	2	3	3	2	4	3	3	2	2	2	2	2	3	3	1	3	3	4	4	4	2	2	2	10	2	2	2	2	4	2	2	5	1	3	1	12	12	2	2	1	1	1	3	4	3	4	10	2	2	1	1	2	2	2	1	3	13	3	3	3	6	1	2	2	6	2	2	13	6	2	8	5	2	2	2	3	20	3	4	4	2	3	2	2	2	2	1	1	2	5	8	10	2	3	3	2	1	3	2	2	2	2	2	4	4	2	2	32	15	4	4	4	5	8	6	6	21	21	2	4	5	13	13	8	8	6	6	26	2	2	6	1	4	4	2	3	5	32	4	2	2	16	6	4	2	2	2	1	5	5	4	3	6	2	2	3	4	4	1	8	8	2	2	2	2	3	5	5	5	4	4	3	3	6	5	8	42	9	9	8	8	8	
===>>>../images/KITTI/2011_09_26/image_00/data/0000000006.png
Detected 1396 keypoints and 137 of them are on the preciding vehicle
Neighborbood Sizes:
2	1	2	4	2	2	2	4	4	3	2	2	2	2	2	1	2	2	10	2	2	2	1	1	2	2	6	1	4	1	2	2	2	13	13	1	2	2	2	3	2	2	3	7	5	2	6	6	6	1	3	3	3	2	2	10	2	2	2	3	1	3	1	4	2	6	19	19	2	2	2	1	1	13	13	7	2	2	3	3	4	2	2	2	2	5	2	2	3	1	2	2	2	4	3	4	5	5	2	1	3	2	3	1	2	3	3	5	5	3	3	2	2	2	2	26	26	2	2	3	1	1	1	2	2	2	2	2	2	3	3	4	4	16	2	2	2	3	2	2	2	3	3	3	2	2	3	10	2	2	3	2	1	1	3	3	4	2	2	3	2	3	2	2	2	4	4	3	4	6	3	7	7	7	3	15	2	11	7	6	6	1	6	4	6	18	1	2	1	17	2	25	10	1	1	3	5	2	9	9	6	4	1	1	43	43	3	4	4	2	2	2	4	1	1	68	3	5	6	2	2	1	2	20	13	2	14	1	4	4	15	13	3	2	1	1	3	9	6	5	3	3	4	4	2	3	1	2	8	3	1	1	1	12	2	2	3	1	4	11	2	2	2	2	1	4	3	3	2	2	4	3	2	5	13	2	2	2	3	8	1	2	2	5	3	10	8	2	10	2	1	5	2	3	2	2	2	2	12	2	2	2	2	1	2	5	2	3	26	7	2	2	2	2	6	5	1	2	3	3	2	4	2	2	2	3	2	2	6	3	14	7	2	3	4	4	8	6	1	2	3	2	3	6	6	2	2	1	2	2	6	3	3	5	4	2	2	2	2	3	1	24	3	3	5	3	2	4	4	5	7	4	6	3	3	1	1	2	1	2	5	1	5	5	2	3	2	2	2	2	2	9	12	3	4	4	2	5	18	3	3	56	4	3	3	15	3	3	2	2	21	3	1	1	3	2	5	5	5	2	2	1	5	2	2	10	6	1	4	2	4	4	2	3	1	2	2	3	3	4	3	2	2	2	4	2	2	3	21	21	2	2	4	3	8	3	1	1	12	3	10	10	1	1	3	2	2	4	4	4	12	2	2	5	1	1	1	3	2	1	4	2	32	2	3	3	2	18	18	55	8	4	2	3	5	5	2	2	3	3	4	2	6	3	3	1	4	2	3	3	3	1	1	2	2	1	3	3	5	4	3	8	2	2	21	6	3	3	3	2	5	2	4	2	2	1	1	8	8	3	2	1	24	2	2	3	2	2	6	20	2	3	3	3	1	5	2	2	1	1	3	3	2	5	5	10	3	3	2	2	2	12	3	2	2	3	3	1	8	3	1	1	2	2	2	6	2	17	8	8	2	2	6	6	4	3	2	4	4	2	4	2	8	2	1	2	1	5	1	2	4	1	4	5	2	4	2	1	2	2	2	2	8	8	2	1	3	3	4	1	3	3	2	2	2	1	6	1	3	8	6	3	2	2	4	4	7	2	2	2	2	13	3	3	1	14	2	6	6	14	14	3	8	5	24	5	3	1	1	2	1	4	3	2	1	1	2	2	2	6	1	10	2	2	2	2	2	2	3	3	10	5	5	10	6	3	17	1	11	3	1	2	13	6	5	2	2	7	5	5	19	2	2	1	2	5	2	2	2	2	1	3	2	2	1	25	25	52	2	2	1	1	1	1	1	3	2	2	2	11	4	2	12	5	2	2	3	2	2	2	5	2	6	10	2	2	2	2	22	22	1	2	2	4	4	2	4	4	2	2	5	2	1	4	4	4	1	2	2	2	3	3	3	2	2	2	10	18	18	2	2	3	1	2	5	5	2	5	3	2	4	5	2	4	4	2	2	3	3	1	3	6	3	3	2	2	3	9	4	8	2	2	2	3	2	4	2	2	1	1	2	2	1	1	3	2	2	2	1	2	24	4	4	4	4	3	2	1	2	1	1	2	3	2	2	10	2	13	2	2	3	4	2	24	4	2	2	10	1	4	2	2	2	2	5	6	6	6	1	1	1	2	2	5	2	2	2	2	5	2	2	3	2	2	2	3	3	10	1	8	2	2	2	2	2	3	3	3	2	4	4	2	2	2	4	2	3	2	3	5	3	2	2	3	5	5	2	3	2	2	2	2	19	7	1	2	3	2	1	2	2	11	2	2	12	9	4	2	5	5	1	1	1	1	1	3	4	3	2	3	1	2	4	2	6	2	13	13	44	44	44	2	11	2	4	4	1	10	6	6	5	5	1	2	41	4	3	1	4	4	3	2	3	10	10	2	1	9	1	2	5	5	3	3	2	4	1	4	8	8	1	2	3	3	3	5	3	6	3	3	3	24	3	3	4	2	1	2	2	5	3	9	2	10	2	2	4	4	2	2	2	5	4	4	4	18	1	2	4	3	3	4	4	3	1	2	2	2	2	2	1	2	4	4	4	3	3	3	4	4	2	2	2	10	2	2	4	21	2	6	1	1	1	5	2	1	1	1	1	12	12	1	1	2	3	3	2	2	3	4	3	9	2	2	2	1	2	2	2	2	3	3	3	3	13	2	5	2	2	5	7	2	3	6	2	2	2	16	6	6	2	3	3	3	108	4	4	4	2	2	3	2	4	4	1	5	3	31	2	2	2	1	5	10	5	3	3	3	1	2	2	2	6	3	2	2	16	4	4	6	4	4	1	4	7	7	21	2	25	5	5	4	2	2	5	29	1	2	2	3	5	15	2	2	2	2	2	5	5	1	3	6	2	14	13	3	2	3	3	3	2	7	13	2	8	1	2	2	11	5	5	3	3	2	2	2	7	5	5	3	2	2	5	6	5	41	4	4	7	7	7	4	3	3	4	6	6	5	5	4	8	1	9	9	9	6	6	9	2	
===>>>../images/KITTI/2011_09_26/image_00/data/0000000007.png
Detected 1382 keypoints and 148 of them are on the preciding vehicle
Neighborbood Sizes:
1	1	2	2	4	2	1	1	1	1	2	2	1	6	1	1	2	3	4	3	3	2	4	2	3	6	2	6	2	2	8	3	7	5	2	6	6	6	3	7	10	2	1	2	3	2	2	2	6	2	2	3	2	20	2	2	2	2	2	2	2	5	8	1	8	2	2	2	2	3	2	4	1	2	3	2	2	3	2	2	2	2	2	3	3	2	3	3	3	4	2	2	2	2	2	3	1	2	2	2	1	3	3	3	3	2	3	2	2	2	2	25	25	4	2	4	4	1	2	2	2	2	5	2	7	4	2	2	20	20	12	2	3	3	4	2	2	3	2	2	1	3	3	1	1	1	1	4	7	2	3	2	7	1	2	3	2	16	1	18	2	27	1	13	2	2	2	2	4	8	8	33	5	49	49	57	4	4	7	3	4	4	3	1	1	2	2	2	2	2	21	15	4	2	69	5	27	6	2	2	9	7	6	2	19	19	3	3	12	2	2	5	1	1	3	2	8	2	2	2	2	2	2	5	3	3	2	2	12	12	2	5	2	2	3	2	1	3	6	18	2	13	12	2	15	2	9	2	8	2	1	31	1	1	1	3	3	2	2	2	2	2	3	2	2	3	5	2	1	3	2	1	13	5	2	6	2	3	1	2	2	2	2	2	6	5	5	3	3	2	3	1	2	4	4	3	2	3	4	2	1	2	15	2	3	2	6	2	3	1	1	7	3	3	3	2	1	2	2	6	4	24	5	5	3	3	2	5	2	8	2	4	2	1	8	8	8	4	3	3	2	3	6	6	1	3	2	5	2	2	2	5	4	2	3	2	1	2	1	10	10	2	11	4	4	17	10	2	2	5	5	2	2	5	2	3	3	3	2	3	4	21	2	2	5	4	4	1	2	2	2	2	10	1	1	3	1	3	6	1	1	5	2	7	7	2	2	5	5	2	2	2	3	3	4	3	3	1	2	2	2	6	2	3	3	9	9	4	1	2	2	22	22	10	2	13	3	2	2	6	2	3	1	3	2	12	3	3	2	2	3	1	5	1	1	3	2	32	2	4	2	3	2	17	2	2	8	40	5	3	4	4	4	1	7	6	2	19	3	2	3	3	3	2	2	3	3	3	2	4	5	1	2	2	7	7	1	8	4	4	1	5	2	2	8	8	2	4	3	1	1	3	2	1	2	2	4	6	2	24	2	1	1	2	5	5	2	1	1	3	3	3	1	10	3	3	4	2	2	3	3	12	2	3	3	2	1	3	3	3	14	8	2	2	1	1	9	1	7	2	2	9	7	3	2	2	3	4	5	3	2	2	2	3	13	2	2	2	3	3	3	2	2	2	2	2	6	4	2	2	2	2	2	2	9	2	4	4	2	5	3	2	2	8	2	1	2	3	2	2	2	2	2	2	1	1	2	2	6	2	2	2	2	2	4	4	1	2	1	4	4	1	3	3	2	2	6	14	6	14	2	2	24	3	3	2	5	2	2	1	3	2	2	2	2	6	1	2	4	3	3	3	2	10	2	2	2	2	3	3	2	5	2	5	10	6	10	3	17	2	3	3	2	2	1	1	2	3	14	2	2	6	2	1	2	2	2	2	5	5	14	14	3	3	8	1	9	2	5	5	3	1	1	2	3	32	5	3	1	2	3	2	25	25	52	2	2	1	2	3	2	2	1	2	1	1	2	4	2	13	5	1	3	3	2	2	1	2	2	2	6	6	1	10	1	2	2	1	1	2	22	22	2	2	2	2	3	4	4	2	5	2	2	1	2	1	2	4	4	4	2	2	3	3	2	2	3	2	10	17	17	2	2	2	2	5	5	5	2	5	5	2	2	2	2	2	2	4	4	1	2	3	3	3	3	1	1	6	3	2	2	3	4	4	4	2	2	3	5	1	1	2	2	2	4	2	1	1	3	3	8	2	4	4	24	3	5	5	3	3	2	2	2	1	1	3	2	11	2	10	7	2	3	2	25	5	5	5	1	3	3	1	5	2	2	6	2	6	2	2	4	8	2	3	1	2	2	2	1	1	1	1	2	8	2	2	2	3	2	2	3	2	10	2	2	2	2	3	2	2	2	2	4	2	2	2	1	4	3	4	2	2	4	3	1	3	2	2	2	2	7	19	1	3	8	3	1	1	1	2	2	2	3	2	12	12	2	2	2	2	2	2	5	5	4	3	12	2	41	41	41	2	13	6	2	1	4	5	9	2	1	5	3	2	40	2	8	5	4	2	2	2	1	4	4	1	2	2	5	1	4	5	2	3	1	27	28	3	3	3	2	24	4	2	3	2	5	10	2	4	3	4	4	2	2	6	9	4	2	2	2	4	4	3	4	1	2	2	4	2	2	2	2	2	1	4	4	3	2	2	1	10	2	3	4	4	3	2	1	1	2	2	3	4	2	2	12	12	2	2	3	3	4	6	6	3	9	2	2	1	2	2	2	2	1	1	2	2	1	3	3	2	1	6	2	7	4	2	2	3	16	16	4	6	6	4	2	2	3	106	4	2	1	3	6	3	4	2	4	30	4	2	2	2	3	22	10	5	4	3	5	2	2	2	1	1	6	3	2	4	28	28	2	4	6	6	4	6	5	7	16	2	25	4	4	2	26	9	9	2	2	4	2	2	2	5	5	7	3	2	6	1	2	13	2	1	3	3	7	13	3	2	12	9	1	4	4	2	3	4	4	10	4	3	2	3	6	6	2	2	2	2	7	5	5	5	3	3	2	2	6	7	7	5	5	3	3	4	6	39	4	4	6	6	8	3	3	5	5	7	5	2	5	7	9	9	14	14	14	2	12	12	4	4	
===>>>../images/KITTI/2011_09_26/image_00/data/0000000008.png
Detected 1463 keypoints and 159 of them are on the preciding vehicle
Neighborbood Sizes:
2	2	2	2	1	2	1	2	2	1	1	7	1	1	3	3	2	6	4	2	2	3	3	1	2	3	2	1	1	2	2	3	7	3	2	2	6	2	3	3	2	2	2	10	2	3	2	3	2	2	2	2	2	6	4	7	20	2	19	5	2	2	2	2	2	6	2	3	1	2	3	2	2	1	4	3	2	1	1	2	3	2	1	1	1	3	3	3	20	2	3	2	16	16	4	2	2	2	3	3	5	2	2	1	3	3	3	2	2	3	3	2	3	2	5	20	20	7	12	2	16	2	5	2	2	20	2	2	2	2	2	11	3	1	3	2	7	1	15	3	3	36	3	10	1	55	18	1	11	13	2	4	5	16	2	2	2	2	3	3	4	9	3	3	2	2	2	4	3	5	6	20	3	2	2	2	2	6	29	2	2	9	8	1	70	2	21	2	3	1	2	12	2	4	1	12	2	3	2	2	6	4	3	2	5	2	2	2	2	5	11	2	2	3	3	13	13	9	6	8	4	2	16	12	2	1	2	2	3	2	2	1	2	32	8	3	2	2	2	2	2	2	6	3	2	2	2	2	2	1	2	2	2	2	2	3	4	6	2	3	5	1	5	2	2	2	2	3	2	2	4	5	2	1	1	1	1	2	6	2	7	2	1	1	1	2	4	3	2	4	7	15	3	3	7	3	3	2	2	2	6	7	3	3	2	3	3	2	1	1	3	24	2	2	3	1	6	1	3	3	2	5	4	2	2	3	2	2	4	1	13	10	4	2	2	17	2	2	7	2	2	3	3	3	2	5	10	2	4	2	5	2	6	2	6	2	1	1	5	2	7	23	3	3	6	1	2	2	2	2	2	2	7	7	7	1	3	2	2	1	3	2	2	2	2	2	2	2	3	4	2	3	5	5	2	2	2	3	2	2	3	9	4	4	2	7	2	2	22	22	2	3	3	6	3	3	3	2	3	6	13	8	8	2	3	3	3	1	3	2	2	1	1	2	2	5	5	2	1	3	2	1	2	33	4	3	2	16	40	8	3	3	2	2	4	1	4	4	3	2	3	2	3	3	4	3	3	2	3	3	7	3	3	3	3	1	1	4	3	3	1	21	4	4	7	3	3	8	8	5	4	2	3	2	2	3	5	3	2	3	2	3	2	3	2	6	5	19	1	5	2	2	21	2	2	2	1	1	24	1	3	5	2	2	2	12	2	3	3	2	2	12	12	2	3	2	2	1	7	1	2	3	3	5	14	9	6	1	1	1	1	18	6	2	2	2	3	3	2	2	2	3	8	8	2	2	4	3	2	2	3	4	13	3	2	2	4	4	4	2	1	2	2	5	6	5	3	3	2	9	2	2	2	2	2	2	2	4	4	8	8	2	2	5	3	3	2	2	2	2	2	3	3	6	1	1	1	2	2	2	2	2	2	2	7	3	4	4	2	8	4	4	2	2	3	3	2	13	8	3	3	3	6	1	3	25	3	2	2	2	4	3	2	1	2	4	1	2	3	2	2	2	2	2	2	6	10	3	2	5	4	4	9	6	10	3	11	1	1	3	17	2	3	2	1	2	2	2	2	3	2	2	2	2	1	6	1	13	3	7	2	2	3	5	5	6	3	3	15	15	3	3	7	10	2	1	2	3	3	1	3	34	2	5	3	3	2	2	2	25	53	2	2	2	3	1	2	2	2	4	1	2	13	5	2	5	3	1	1	2	2	2	5	2	6	2	10	2	2	1	3	2	2	1	1	22	2	2	4	4	4	2	2	2	4	4	4	2	1	2	2	3	2	3	3	2	2	2	10	19	19	2	2	3	3	2	2	2	5	2	2	2	2	2	2	2	2	2	4	4	2	3	2	2	1	1	6	1	3	2	2	3	2	4	1	1	1	10	1	2	5	3	2	2	1	2	1	1	2	2	1	1	2	25	25	5	5	3	3	3	1	1	1	2	2	2	4	12	2	10	1	2	2	3	2	2	25	3	5	5	3	3	3	5	2	2	2	2	2	2	10	4	3	2	4	4	10	2	2	3	2	2	2	2	2	3	10	2	2	3	2	3	5	2	10	2	2	7	1	1	2	2	2	4	2	2	2	4	1	2	2	2	2	4	4	4	2	2	4	2	5	2	5	3	3	2	2	2	2	2	8	4	4	19	19	2	11	3	2	2	3	17	3	2	2	2	2	13	13	3	1	2	1	2	2	2	2	2	2	2	2	8	1	2	2	3	39	39	39	2	2	3	7	5	1	1	14	14	4	5	9	2	6	4	1	1	1	2	39	3	8	1	4	5	4	4	1	2	2	4	4	10	10	2	2	4	6	5	2	2	5	26	3	3	3	10	2	1	3	7	2	2	2	2	2	5	9	1	3	4	4	2	3	1	3	3	4	6	9	2	1	1	3	4	2	2	1	3	1	1	2	2	2	1	2	4	2	2	4	4	3	4	4	6	6	2	2	5	3	3	3	2	3	3	4	2	1	1	1	11	11	2	4	3	4	3	9	2	2	11	2	2	2	2	11	2	3	2	2	10	2	5	8	4	3	3	3	3	3	3	2	2	16	16	3	2	6	2	2	2	2	2	2	2	3	3	3	104	2	3	53	4	2	8	1	2	3	2	2	2	16	3	9	4	3	2	3	2	2	6	1	1	2	2	1	6	2	3	1	2	2	12	2	4	4	5	5	3	4	5	15	2	2	25	4	4	4	2	1	23	2	9	2	4	2	2	2	4	4	7	3	2	6	3	2	5	5	2	5	3	1	2	2	3	3	4	4	4	2	3	12	2	3	3	2	2	4	4	2	4	4	9	4	3	4	2	2	4	6	2	4	5	3	2	2	3	2	2	5	2	2	4	3	5	3	5	5	3	3	3	3	5	7	6	6	3	3	4	5	5	3	6	6	6	5	4	1	7	7	4	6	8	8	8	5	5	8	8	8	12	12	8	8	8	2	11	5	4	4	9	2	2	2	6	
===>>>../images/KITTI/2011_09_26/image_00/data/0000000009.png
Detected 1422 keypoints and 137 of them are on the preciding vehicle
Neighborbood Sizes:
1	1	1	1	2	2	2	3	4	4	3	3	2	2	6	1	1	6	3	3	2	2	2	6	10	2	2	3	2	5	1	2	2	7	7	2	2	1	6	1	2	2	6	19	2	2	1	1	1	4	4	3	2	4	1	1	8	3	2	2	2	3	2	3	1	22	2	1	3	2	3	3	3	2	2	3	15	15	2	2	4	4	2	1	3	2	2	2	3	3	3	3	1	2	17	3	3	3	1	4	4	4	3	1	3	1	2	39	2	2	2	19	19	12	1	3	10	10	2	52	52	2	2	3	2	5	2	2	4	2	2	2	2	2	3	3	4	4	2	2	3	4	3	4	2	3	6	5	1	3	13	4	4	30	2	2	2	5	9	2	2	8	8	7	4	2	2	71	1	2	16	2	2	1	2	2	2	2	1	2	3	8	3	3	2	2	4	4	2	2	2	5	5	3	3	3	3	2	2	2	14	15	16	9	8	12	1	2	2	2	2	2	2	3	3	4	4	2	4	7	2	3	2	2	1	1	2	3	16	7	3	3	4	4	8	4	4	1	4	1	1	1	1	2	2	2	6	2	5	2	3	2	2	3	2	3	3	2	2	4	5	1	1	4	2	3	1	1	2	4	2	4	1	2	7	5	2	7	6	2	2	2	2	5	1	2	2	2	1	2	3	2	3	4	4	1	3	8	6	6	3	2	3	2	2	7	1	1	1	6	3	3	3	3	4	6	2	7	8	8	8	3	2	1	7	2	2	2	2	2	4	2	5	2	2	3	1	4	6	7	2	2	12	1	1	5	2	1	6	2	2	3	2	2	10	4	5	2	5	2	2	2	3	8	8	8	2	1	2	3	3	2	1	2	2	2	2	4	4	3	2	3	4	2	2	2	4	3	2	2	4	4	9	9	3	5	2	4	4	2	4	3	2	4	12	7	13	3	2	4	6	5	4	3	5	4	4	1	2	3	3	1	2	7	7	1	1	2	3	2	6	2	3	2	5	3	1	4	2	33	3	2	42	3	3	2	15	15	9	4	6	19	3	4	1	4	3	3	3	2	2	2	3	3	3	3	7	2	2	3	1	1	3	8	8	5	2	6	2	8	2	4	4	2	4	3	13	2	3	4	1	2	3	6	6	1	2	2	2	1	1	2	5	2	2	1	4	4	2	4	24	3	3	12	12	2	2	1	1	2	5	9	8	2	1	7	7	10	2	2	2	2	1	1	2	2	6	2	4	2	2	1	2	2	3	2	1	1	3	4	8	8	7	2	2	1	2	13	2	2	2	4	2	4	4	3	6	5	2	3	10	2	2	4	2	2	8	8	3	2	2	2	4	4	2	3	5	6	2	1	1	2	2	2	2	3	3	2	3	3	4	4	1	2	2	2	4	4	8	3	3	10	2	13	1	3	6	1	3	2	3	25	1	2	2	3	5	1	2	2	2	8	1	8	4	2	2	2	3	2	10	3	2	2	6	3	4	4	2	3	12	11	13	6	16	3	2	2	2	2	3	2	2	2	2	2	15	2	1	6	13	2	2	3	5	2	15	15	3	3	2	1	6	2	2	11	40	3	3	2	2	1	3	2	2	5	3	3	3	25	25	1	53	2	2	1	1	1	1	2	2	3	2	2	2	11	1	1	4	2	13	5	1	5	5	2	2	2	2	10	2	23	3	1	1	4	4	2	4	4	4	2	2	2	2	1	2	2	3	3	3	2	1	19	2	2	2	2	2	1	2	1	5	1	2	1	2	2	2	2	3	4	3	2	4	2	2	2	2	2	2	6	2	3	4	2	5	3	4	2	1	1	2	2	1	1	3	3	2	2	2	9	2	1	25	25	5	5	1	2	1	2	2	1	1	1	2	2	12	10	2	2	1	1	3	3	25	5	5	9	3	3	3	2	2	2	5	2	2	2	6	2	1	2	4	2	2	2	2	3	2	2	1	1	5	3	7	1	3	2	2	10	2	2	2	8	2	2	2	3	9	2	5	2	2	3	8	2	2	2	4	4	2	3	1	4	2	4	2	1	3	8	5	2	2	2	2	2	11	3	2	2	2	1	2	3	3	3	4	3	12	12	2	10	2	1	3	1	3	37	37	37	4	2	8	2	1	2	7	14	14	5	3	1	2	4	6	5	1	6	1	4	2	8	5	16	4	2	5	3	4	6	4	1	10	2	2	3	2	2	6	1	1	5	2	4	27	2	2	3	3	7	6	2	30	2	2	3	2	5	9	3	5	2	3	4	4	2	2	8	15	6	1	2	1	3	2	2	2	1	3	1	1	5	5	2	2	4	1	3	2	16	3	1	6	2	2	2	2	7	4	2	2	2	3	2	4	2	2	3	3	5	5	1	1	10	2	2	2	2	3	3	4	4	9	1	1	1	2	17	1	1	2	2	6	1	5	7	4	3	1	2	5	6	3	3	2	3	3	2	3	2	2	3	3	2	2	2	103	1	2	52	2	7	15	4	2	2	2	2	2	2	3	3	9	10	9	4	3	2	2	2	2	2	8	1	7	2	3	2	2	6	5	5	3	3	3	2	7	7	5	13	2	5	2	2	4	3	3	24	4	2	4	5	1	7	2	2	2	2	4	4	2	6	4	1	2	2	3	5	5	2	2	2	2	4	3	1	2	2	2	2	6	4	2	4	1	4	3	3	3	1	1	1	1	2	11	3	3	3	3	3	3	2	3	10	4	8	2	4	16	16	3	5	5	2	2	4	4	5	2	2	4	6	4	1	1	2	2	2	5	2	2	6	4	4	6	3	3	3	5	3	4	4	5	35	5	2	2	2	3	3	5	5	5	6	5	6	6	5	3	3	4	4	4	7	7	2	5	6	8	6	3	3	7	7	7	8	8	8	2	10	6	6	4	4	5	3	3	11	11	8	2	5	5	10	9	9	9	9	6	6	11	6	6	
